Age of air (ybp)	Temperature anomaly (deg. C)	Carbon dioxide concentration (ppm)
2342	-1.21	284.7
2374	-1.44	284.3033333
2418	-0.73	283.9066667
2460	-0.63	283.51
2501	0.3	283.1133333
2542	-0.27	282.7166667
2585	-1.36	282.32
2628	-0.17	281.9233333
2670	-0.02	281.5266667
2713	-1.19	281.13
2760	-1.97	280.7333333
2805	-0.61	280.3366667
2847	0.58	279.94
2889	-0.38	279.5433333
2934	-1.34	279.1466667
2980	-1.41	278.75
3026	-0.73	278.3533333
3070	-0.25	277.9566667
3114	-0.53	277.56
3158	-0.08	277.1633333
3201	0.15	276.7666667
3245	-0.43	276.37
3289	-0.61	275.9733333
3334	-0.3	275.5766667
3379	-0.13	275.18
3422	0.22	274.7833333
3466	0.17	274.3866667
3511	-0.91	273.99
3558	-0.9	273.5933333
3603	0.3	273.1966667
3634	0.475	272.8
3646	0.65	272.0166667
3689	0.58	271.2333333
3732	0.03	270.45
3778	-0.63	269.6666667
3824	-0.46	268.8833333
3833	-0.23	268.1
3870	0	267.9865385
3915	-0.23	267.8730769
3962	-0.66	267.7596154
4009	-0.73	267.6461538
4057	-0.75	267.5326923
4104	-0.91	267.4192308
4153	-1.09	267.3057692
4202	-1	267.1923077
4250	-0.53	267.0788462
4295	0.55	266.9653846
4339	1.13	266.8519231
4381	1.13	266.7384615
4423	1.13	266.625
4466	1.13	266.5115385
4509	1.13	266.3980769
4552	0.88	266.2846154
4596	0.2	266.1711538
4642	-0.33	266.0576923
4690	-0.88	265.9442308
4739	-0.58	265.8307692
4786	0.25	265.7173077
4831	0	265.6038462
4880	-1.14	265.4903846
4929	-0.66	265.3769231
4977	-0.36	265.2634615
5025	-0.66	265.15
5072	0.13	265.0365385
5118	0.18	264.9230769
5165	-0.38	264.8096154
5212	-0.22	264.6961538
5259	0.28	264.5826923
5305	0.1	264.4692308
5351	0.08	264.3557692
5397	0.5	264.2423077
5442	0.5	264.1288462
5488	0.2	264.0153846
5534	0.02	263.9019231
5581	0.08	263.7884615
5627	0.03	263.675
5674	-0.06	263.5615385
5721	-0.15	263.4480769
5769	-0.25	263.3346154
5816	-0.22	263.2211538
5863	0.15	263.1076923
5909	0.45	262.9942308
5955	-0.13	262.8807692
6004	-0.73	262.7673077
6052	-0.21	262.6538462
6099	0.32	262.5403846
6145	-0.17	262.4269231
6193	-0.33	262.3134615
6220	-0.12	262.2
6241	0.09	261.8833333
6287	0.28	261.5666667
6334	-0.55	261.25
6385	-1.59	260.9333333
6436	-1.09	260.6166667
6486	-0.31	260.3
6534	-0.62	259.9833333
6583	-0.65	259.6666667
6631	0.37	259.35
6677	0.37	259.0333333
6724	-0.36	258.7166667
6773	-0.84	258.4
6823	-1.28	258.0833333
6874	-1.14	257.7666667
6924	-0.58	257.45
6973	-0.59	257.1333333
7023	-1.05	256.8166667
7074	-1.2	256.5
7124	-0.63	256.1833333
7172	0.02	255.8666667
7220	-0.04	255.55
7267	-0.11	255.2333333
7315	-0.29	254.9166667
7327	-0.55	254.6
7364	-0.81	254.8941176
7413	-0.58	255.1882353
7462	0.02	255.4823529
7509	-0.03	255.7764706
7555	0.48	256.0705882
7602	-0.02	256.3647059
7649	0.02	256.6588235
7697	-0.04	256.9529412
7745	-0.72	257.2470588
7794	-0.57	257.5411765
7844	-0.9	257.8352941
7894	-0.93	258.1294118
7944	-0.69	258.4235294
7994	-0.54	258.7176471
8043	-0.64	259.0117647
8091	0.3	259.3058824
8113	1.18	259.6
8135	2.06	259.647619
8178	0.59	259.6952381
8226	-0.87	259.7428571
8276	-0.78	259.7904762
8325	-0.55	259.8380952
8374	-0.21	259.8857143
8422	-0.26	259.9333333
8471	-0.52	259.9809524
8520	-0.65	260.0285714
8569	-0.68	260.0761905
8619	-0.73	260.1238095
8668	-0.56	260.1714286
8716	0.34	260.2190476
8763	0.13	260.2666667
8811	-0.81	260.3142857
8861	-0.53	260.3619048
8910	-0.54	260.4095238
8960	-0.88	260.4571429
9009	-0.48	260.5047619
9058	-0.41	260.552381
9107	-0.6	260.6
9156	-0.51	260.647619
9204	-0.13	260.6952381
9252	0.26	260.7428571
9298	0.03	260.7904762
9346	-0.39	260.8380952
9396	-0.82	260.8857143
9445	-0.7	260.9333333
9494	-0.16	260.9809524
9542	-0.16	261.0285714
9589	0.43	261.0761905
9635	0.51	261.1238095
9682	-0.46	261.1714286
9732	-0.8	261.2190476
9782	-0.85	261.2666667
9831	-0.74	261.3142857
9881	-0.36	261.3619048
9929	-0.37	261.4095238
9978	-0.65	261.4571429
10027	-0.28	261.5047619
10075	-0.47	261.552381
10123	-0.525	261.6
10124	-0.58	261.705
10172	0.31	261.81
10218	0.52	261.915
10265	-0.18	262.02
10315	-1.3	262.125
10366	-0.97	262.23
10415	-0.43	262.335
10465	-0.76	262.44
10515	-0.77	262.545
10564	-0.79	262.65
10614	-0.9	262.755
10665	-0.96	262.86
10715	-0.7	262.965
10764	-0.26	263.07
10812	-0.44	263.175
10861	-0.62	263.28
10910	-0.15	263.385
10957	-0.12	263.49
11005	-0.23	263.595
11013	-0.105	263.7
11053	0.02	261
11100	0.09	258.3
11146	0.74	255.6
11191	0.81	252.9
11237	-0.18	250.2
11286	-0.48	247.5
11326	-0.375	244.8
11334	-0.27	244.0777778
11383	-0.73	243.3555556
11434	-1.22	242.6333333
11485	-1.29	241.9111111
11537	-1.57	241.1888889
11590	-1.59	240.4666667
11642	-1.61	239.7444444
11695	-1.83	239.0222222
11719	-2.015	238.3
11749	-2.2	238.2275862
11805	-2.37	238.1551724
11861	-2.85	238.0827586
11918	-2.55	238.0103448
11973	-2.19	237.937931
12029	-2.84	237.8655172
12087	-3.09	237.7931034
12144	-2.77	237.7206897
12202	-2.9	237.6482759
12261	-3.88	237.5758621
12323	-4.18	237.5034483
12385	-3.96	237.4310345
12446	-3.61	237.3586207
12507	-3.76	237.2862069
12569	-4.25	237.2137931
12632	-4.25	237.1413793
12694	-3.91	237.0689655
12755	-3.57	236.9965517
12815	-3.24	236.9241379
12874	-3.4	236.8517241
12934	-3.5	236.7793103
12994	-3.67	236.7068966
13055	-3.85	236.6344828
13116	-3.75	236.562069
13177	-3.72	236.4896552
13237	-3.45	236.4172414
13296	-3.17	236.3448276
13355	-3.17	236.2724138
13405	-3.42	236.2
13414	-3.67	235.2090909
13476	-4.28	234.2181818
13539	-4.02	233.2272727
13600	-3.57	232.2363636
13659	-3.27	231.2454545
13718	-2.91	230.2545455
13774	-2.19	229.2636364
13828	-2.04	228.2727273
13883	-2.24	227.2818182
13938	-2.06	226.2909091
13989	-2.19	225.3
13992	-2.32	224.5018519
14048	-2.57	223.7037037
14105	-2.83	222.9055556
14163	-3.08	222.1074074
14221	-3.34	221.3092593
14281	-3.6	220.5111111
14342	-3.85	219.712963
14404	-4.11	218.9148148
14466	-3.64	218.1166667
14526	-3.82	217.3185185
14589	-4.34	216.5203704
14651	-3.98	215.7222222
14713	-3.92	214.9240741
14775	-4.14	214.1259259
14839	-4.52	213.3277778
14904	-4.68	212.5296296
14968	-4.44	211.7314815
15032	-4.66	210.9333333
15099	-5.32	210.1351852
15167	-5.4	209.337037
15234	-5	208.5388889
15300	-4.81	207.7407407
15366	-4.74	206.9425926
15432	-5.15	206.1444444
15501	-5.71	205.3462963
15570	-5.6	204.5481481
15639	-5.44	203.75
15708	-5.57	202.9518519
15777	-5.29	202.1537037
15845	-5.35	201.3555556
15915	-6.19	200.5574074
15987	-5.99	199.7592593
16057	-5.75	198.9611111
16128	-6.08	198.162963
16201	-6.34	197.3648148
16275	-6.74	196.5666667
16350	-6.88	195.7685185
16426	-6.88	194.9703704
16502	-6.74	194.1722222
16577	-6.77	193.3740741
16653	-6.97	192.5759259
16729	-7.16	191.7777778
16808	-7.49	190.9796296
16889	-8.33	190.1814815
16974	-8.51	189.3833333
17058	-8.04	188.5851852
17139	-7.6	187.787037
17219	-7.53	186.9888889
17298	-7.45	186.1907407
17379	-8.09	185.3925926
17462	-8.27	184.5944444
17544	-7.68	183.7962963
17625	-7.78	182.9981481
17695	-7.81	182.2
17706	-7.84	182.4413793
17787	-7.82	182.6827586
17868	-7.72	182.9241379
17949	-7.75	183.1655172
18031	-8.19	183.4068966
18116	-8.63	183.6482759
18201	-8.16	183.8896552
18283	-7.89	184.1310345
18365	-7.74	184.3724138
18446	-7.97	184.6137931
18530	-8.5	184.8551724
18615	-8.43	185.0965517
18701	-8.73	185.337931
18787	-8.46	185.5793103
18870	-7.58	185.8206897
18950	-7.63	186.062069
19032	-8.11	186.3034483
19116	-8.26	186.5448276
19199	-8.03	186.7862069
19282	-7.81	187.0275862
19362	-7.54	187.2689655
19443	-7.7	187.5103448
19525	-8.15	187.7517241
19610	-8.45	187.9931034
19696	-8.71	188.2344828
19782	-8.52	188.4758621
19868	-8.61	188.7172414
19953	-7.99	188.9586207
19988	-7.805	189.2
20035	-7.62	189.2648649
20116	-7.84	189.3297297
20197	-7.52	189.3945946
20278	-7.82	189.4594595
20361	-8.11	189.5243243
20444	-8.08	189.5891892
20528	-8.03	189.6540541
20611	-8.04	189.7189189
20694	-7.96	189.7837838
20777	-7.87	189.8486486
20859	-7.94	189.9135135
20943	-8.12	189.9783784
21026	-8.1	190.0432432
21110	-7.93	190.1081081
21192	-7.91	190.172973
21275	-7.91	190.2378378
21358	-8	190.3027027
21442	-8.09	190.3675676
21525	-7.73	190.4324324
21605	-7.36	190.4972973
21686	-7.66	190.5621622
21769	-8.24	190.627027
21854	-8.33	190.6918919
21939	-8.12	190.7567568
22023	-8.15	190.8216216
22108	-8.41	190.8864865
22196	-8.82	190.9513514
22284	-8.82	191.0162162
22371	-8.45	191.0810811
22457	-8.3	191.1459459
22543	-8.37	191.2108108
22629	-8.45	191.2756757
22716	-8.52	191.3405405
22803	-8.59	191.4054054
22888	-7.97	191.4702703
22972	-7.92	191.5351351
22977	-8.21	191.6
23057	-8.5	191.5225
23145	-8.8	191.445
23234	-8.89	191.3675
23324	-9.01	191.29
23412	-8.54	191.2125
23497	-7.76	191.135
23581	-8.2	191.0575
23668	-8.63	190.98
23755	-8.63	190.9025
23843	-8.63	190.825
23931	-8.44	190.7475
24017	-8.26	190.67
24102	-8.03	190.5925
24186	-7.87	190.515
24272	-8.68	190.4375
24363	-9.39	190.36
24453	-8.46	190.2825
24537	-7.53	190.205
24619	-7.51	190.1275
24700	-7.5	190.05
24781	-7.25	189.9725
24860	-7	189.895
24941	-7.57	189.8175
25024	-8.14	189.74
25109	-7.98	189.6625
25193	-7.83	189.585
25277	-7.68	189.5075
25360	-7.89	189.43
25445	-8.27	189.3525
25531	-8.13	189.275
25615	-7.7	189.1975
25697	-7.05	189.12
25776	-6.98	189.0425
25855	-7.26	188.965
25936	-7.29	188.8875
26017	-7.47	188.81
26099	-7.48	188.7325
26180	-7.16	188.655
26261	-7.24	188.5775
26303	-7.395	188.5
26342	-7.55	188.82
26425	-7.82	189.14
26510	-8.05	189.46
26595	-8.09	189.78
26681	-8.09	190.1
26766	-7.74	190.42
26849	-7.56	190.74
26933	-7.9	191.06
27019	-8.64	191.38
27062	-8.83	191.7
27110	-9.02	191.9634615
27202	-9.02	192.2269231
27293	-8.82	192.4903846
27382	-8.62	192.7538462
27470	-8.14	193.0173077
27555	-7.84	193.2807692
27641	-8.28	193.5442308
27730	-8.66	193.8076923
27819	-8.52	194.0711538
27907	-8.27	194.3346154
27993	-8.09	194.5980769
28079	-7.9	194.8615385
28163	-7.69	195.125
28247	-7.49	195.3884615
28331	-8.16	195.6519231
28420	-8.82	195.9153846
28510	-8.47	196.1788462
28597	-8.12	196.4423077
28683	-7.77	196.7057692
28766	-7.42	196.9692308
28848	-7.07	197.2326923
28927	-6.71	197.4961538
29006	-6.71	197.7596154
29085	-6.98	198.0230769
29166	-7.25	198.2865385
29249	-7.52	198.55
29332	-7.79	198.8134615
29418	-8.05	199.0769231
29505	-8.35	199.3403846
29594	-8.37	199.6038462
29682	-8.33	199.8673077
29771	-8.58	200.1307692
29861	-8.43	200.3942308
29949	-8.3	200.6576923
30036	-7.95	200.9211538
30120	-7.14	201.1846154
30201	-7.02	201.4480769
30283	-7.62	201.7115385
30368	-7.83	201.975
30453	-7.75	202.2384615
30538	-7.64	202.5019231
30622	-7.52	202.7653846
30705	-7.41	203.0288462
30788	-7.3	203.2923077
30871	-7.63	203.5557692
30957	-7.95	203.8192308
31043	-8	204.0826923
31130	-8.05	204.3461538
31216	-7.85	204.6096154
31302	-7.65	204.8730769
31387	-7.77	205.1365385
31447	-7.9	205.4
31473	-8.03	205.5193548
31560	-8.2	205.6387097
31648	-7.93	205.7580645
31733	-7.4	205.8774194
31815	-7.14	205.9967742
31896	-6.77	206.116129
31976	-6.74	206.2354839
32056	-6.79	206.3548387
32137	-7.09	206.4741935
32219	-7.27	206.5935484
32300	-6.61	206.7129032
32380	-7.07	206.8322581
32463	-7.49	206.9516129
32546	-6.99	207.0709677
32626	-6.62	207.1903226
32705	-6.71	207.3096774
32787	-7.47	207.4290323
32871	-7.47	207.5483871
32955	-7.29	207.6677419
33039	-7.59	207.7870968
33124	-7.6	207.9064516
33209	-7.6	208.0258065
33293	-7.34	208.1451613
33376	-7.07	208.2645161
33459	-7.44	208.383871
33544	-7.54	208.5032258
33628	-7.31	208.6225806
33711	-7.12	208.7419355
33793	-7.17	208.8612903
33877	-7.36	208.9806452
33884	-7.265	209.1
33960	-7.17	209.1
34041	-6.53	209.1
34121	-6.88	209.1
34202	-6.76	209.1
34281	-6.25	209.1
34360	-6.59	209.1
34438	-6.08	209.1
34515	-6.01	209.1
34592	-6.15	209.1
34669	-5.87	209.1
34744	-5.7	209.1
34818	-5.14	209.1
34889	-4.82	209.1
34960	-5.05	209.1
35033	-5.52	209.1
35108	-5.98	209.1
35185	-5.9	209.1
35261	-5.82	209.1
35336	-5.39	209.1
35409	-5.24	209.1
35482	-5.37	209.1
35556	-5.55	209.1
35631	-5.65	209.1
35705	-5.41	209.1
35780	-5.62	209.1
35855	-5.72	209.1
35930	-5.77	209.1
36007	-6.22	209.1
36086	-6.4	209.1
36166	-6.7	209.1
36248	-7.03	209.1
36331	-7.22	209.1
36416	-7.7	209.1
36502	-7.3	209.1
36585	-6.67	209.1
36666	-6.97	209.1
36748	-6.65	209.1
36827	-6.02	209.1
36905	-6.32	209.1
36985	-6.62	209.1
37066	-6.76	209.1
37148	-6.9	209.1
37230	-6.9	209.1
37313	-6.97	209.1
37396	-7.2	209.1
37479	-6.8	209.1
37558	-5.97	209.1
37637	-6.38	209.1
37718	-6.88	209.1
37799	-6.6	209.1
37880	-6.45	209.1
37959	-6.3	209.1
38039	-6.43	209.1
38120	-6.66	209.1
38201	-6.8	209.1
38284	-6.96	209.1
38367	-7.09	209.1
38451	-7.18	209.1
38535	-7.18	209.1
38619	-6.94	209.1
38702	-6.73	209.1
38783	-6.69	209.1
38865	-6.64	209.1
38946	-6.6	209.1
39027	-6.56	209.1
39107	-6.21	209.1
39185	-5.93	209.1
39263	-5.93	209.1
39341	-6.16	209.1
39420	-6.24	209.1
39499	-6.24	209.1
39579	-6.13	209.1
39657	-6.13	209.1
39735	-5.91	209.1
39812	-5.48	209.1
39880	-5.86	209.1
39889	-6.24	208.7857143
39971	-6.96	208.4714286
40054	-6.91	208.1571429
40138	-7.21	207.8428571
40223	-7.07	207.5285714
40305	-6.31	207.2142857
40386	-6.51	206.9
40468	-6.91	206.5857143
40551	-6.71	206.2714286
40632	-6.56	205.9571429
40714	-6.67	205.6428571
40796	-6.46	205.3285714
40875	-5.74	205.0142857
40952	-5.74	204.7
41031	-6.37	204.3857143
41112	-6.59	204.0714286
41191	-5.89	203.7571429
41268	-5.19	203.4428571
41342	-5.11	203.1285714
41415	-5.02	202.8142857
41489	-5.09	202.5
41564	-5.48	202.1857143
41638	-4.8	201.8714286
41710	-4.53	201.5571429
41782	-5.08	201.2428571
41855	-4.81	200.9285714
41927	-4.68	200.6142857
42001	-5.27	200.3
42077	-5.69	199.9857143
42152	-4.99	199.6714286
42225	-4.65	199.3571429
42298	-5.3	199.0428571
42374	-5.7	198.7285714
42451	-5.4	198.4142857
42527	-5.49	198.1
42603	-5.43	197.7857143
42679	-5.69	197.4714286
42758	-6.13	197.1571429
42837	-5.95	196.8428571
42916	-5.88	196.5285714
42994	-5.93	196.2142857
43073	-5.8	195.9
43150	-5.53	195.5857143
43226	-5.5	195.2714286
43304	-6.04	194.9571429
43385	-6.45	194.6428571
43464	-5.42	194.3285714
43540	-5.47	194.0142857
43619	-6.68	193.7
43702	-6.6	193.3857143
43785	-6.48	193.0714286
43868	-6.94	192.7571429
43952	-6.88	192.4428571
44036	-6.72	192.1285714
44120	-6.99	191.8142857
44206	-7.27	191.5
44292	-6.94	191.1857143
44377	-6.97	190.8714286
44463	-7.51	190.5571429
44551	-7.13	190.2428571
44634	-6.15	189.9285714
44715	-6.55	189.6142857
44766	-6.995	189.3
44800	-7.44	189.2666667
44887	-7.04	189.2333333
44972	-6.68	189.2
45055	-6.72	189.1666667
45139	-6.69	189.1333333
45225	-7.4	189.1
45315	-8.16	189.0666667
45407	-7.91	189.0333333
45497	-7.64	189
45587	-7.94	188.9666667
45677	-7.38	188.9333333
45762	-6.55	188.9
45846	-6.93	188.8666667
45932	-7.01	188.8333333
46018	-7.02	188.8
46104	-7.39	188.7666667
46193	-7.38	188.7333333
46281	-7.47	188.7
46370	-7.51	188.6666667
46457	-7.15	188.6333333
46543	-6.78	188.6
46628	-6.9	188.5666667
46713	-6.91	188.5333333
46797	-6.48	188.5
46881	-6.71	188.4666667
46966	-6.92	188.4333333
47024	-6.795	188.4
47050	-6.67	189.75625
47133	-6.29	191.1125
47214	-5.92	192.46875
47295	-6.17	193.825
47378	-6.73	195.18125
47462	-6.55	196.5375
47546	-6.78	197.89375
47631	-6.99	199.25
47716	-6.36	200.60625
47798	-6.28	201.9625
47881	-6.74	203.31875
47966	-6.85	204.675
48050	-6.46	206.03125
48134	-6.65	207.3875
48218	-6.49	208.74375
48229	-6.255	210.1
48300	-6.02	210.4733333
48381	-6.05	210.8466667
48461	-5.8	211.22
48541	-5.83	211.5933333
48622	-6.26	211.9666667
48704	-6.36	212.34
48787	-6.48	212.7133333
48870	-6.39	213.0866667
48953	-6.24	213.46
49034	-5.76	213.8333333
49113	-5.77	214.2066667
49193	-5.89	214.58
49272	-5.51	214.9533333
49350	-5.51	215.3266667
49414	-5.7	215.7
49430	-5.89	214.6458333
49510	-5.97	213.5916667
49591	-6.07	212.5375
49672	-5.78	211.4833333
49750	-5.3	210.4291667
49828	-5.58	209.375
49907	-5.6	208.3208333
49985	-5.18	207.2666667
50061	-5.03	206.2125
50138	-5.45	205.1583333
50217	-5.7	204.1041667
50295	-5.37	203.05
50374	-5.54	201.9958333
50452	-5.54	200.9416667
50531	-5.65	199.8875
50610	-5.57	198.8333333
50688	-5.19	197.7791667
50766	-5.72	196.725
50847	-6.07	195.6708333
50928	-5.89	194.6166667
51009	-5.74	193.5625
51086	-4.91	192.5083333
51159	-3.77	191.4541667
51174	-4.055	190.4
51230	-4.34	190.8243243
51306	-5.38	191.2486486
51384	-5.6	191.672973
51465	-6.21	192.0972973
51549	-6.6	192.5216216
51633	-6.43	192.9459459
51715	-5.47	193.3702703
51794	-5.59	193.7945946
51874	-6.02	194.2189189
51955	-5.56	194.6432432
52034	-5.56	195.0675676
52114	-5.81	195.4918919
52195	-5.84	195.9162162
52275	-5.55	196.3405405
52352	-5.03	196.7648649
52430	-5.6	197.1891892
52511	-6.13	197.6135135
52594	-6.23	198.0378378
52679	-6.71	198.4621622
52763	-6.15	198.8864865
52846	-6.1	199.3108108
52931	-6.93	199.7351351
53019	-7.18	200.1594595
53107	-7.07	200.5837838
53193	-6.36	201.0081081
53275	-5.65	201.4324324
53355	-5.55	201.8567568
53436	-6.05	202.2810811
53520	-6.65	202.7054054
53606	-6.65	203.1297297
53692	-6.55	203.5540541
53775	-6.04	203.9783784
53858	-6.22	204.4027027
53942	-6.49	204.827027
54026	-6.14	205.2513514
54111	-6.6	205.6756757
54198	-7.06	206.1
54286	-6.96	206.5243243
54372	-6.4	206.9486486
54457	-6.53	207.372973
54544	-6.8	207.7972973
54629	-6.17	208.2216216
54713	-6.35	208.6459459
54797	-6.29	209.0702703
54881	-6.36	209.4945946
54967	-6.71	209.9189189
55052	-6.31	210.3432432
55136	-6.16	210.7675676
55218	-5.58	211.1918919
55297	-5.34	211.6162162
55377	-5.65	212.0405405
55457	-5.42	212.4648649
55536	-5.21	212.8891892
55615	-5.43	213.3135135
55694	-5.54	213.7378378
55775	-5.81	214.1621622
55855	-5.23	214.5864865
55933	-4.8	215.0108108
56009	-5.09	215.4351351
56087	-4.95	215.8594595
56163	-4.71	216.2837838
56239	-4.92	216.7081081
56317	-5.11	217.1324324
56394	-4.76	217.5567568
56471	-5.09	217.9810811
56548	-5.1	218.4054054
56624	-4.35	218.8297297
56698	-4.42	219.2540541
56774	-4.88	219.6783784
56850	-4.47	220.1027027
56922	-3.71	220.527027
56993	-3.68	220.9513514
57065	-4.18	221.3756757
57068	-4.36	221.8
57139	-4.54	220.66
57215	-4.73	219.52
57289	-4.01	218.38
57362	-4.05	217.24
57436	-4.85	216.1
57513	-4.85	214.96
57590	-4.86	213.82
57669	-5.78	212.68
57750	-5.51	211.54
57799	-5.08	210.4
57828	-4.65	210.1826087
57905	-4.98	209.9652174
57981	-4.65	209.7478261
58057	-4.62	209.5304348
58133	-4.9	209.3130435
58211	-4.96	209.0956522
58286	-4.27	208.8782609
58360	-4.22	208.6608696
58436	-4.93	208.4434783
58514	-5.21	208.226087
58594	-5.66	208.0086957
58676	-5.86	207.7913043
58759	-6.06	207.573913
58842	-5.93	207.3565217
58925	-5.85	207.1391304
59008	-6.04	206.9217391
59093	-6.41	206.7043478
59178	-6.31	206.4869565
59262	-5.86	206.2695652
59345	-5.85	206.0521739
59428	-6.03	205.8347826
59511	-5.86	205.6173913
59593	-5.53	205.4
59674	-5.53	205.1826087
59755	-5.53	204.9652174
59836	-5.81	204.7478261
59921	-6.49	204.5304348
60007	-6.53	204.3130435
60093	-6.15	204.0956522
60177	-6.11	203.8782609
60262	-6.2	203.6608696
60348	-6.45	203.4434783
60433	-6.3	203.226087
60519	-6.28	203.0086957
60605	-6.53	202.7913043
60692	-6.58	202.573913
60779	-6.61	202.3565217
60869	-7.31	202.1391304
60961	-7.48	201.9217391
61052	-6.98	201.7043478
61141	-6.81	201.4869565
61229	-6.53	201.2695652
61317	-6.88	201.0521739
61406	-6.86	200.8347826
61496	-7	200.6173913
61586	-7.26	200.4
61677	-6.86	200.1826087
61765	-6.5	199.9652174
61852	-6.6	199.7478261
61941	-7	199.5304348
62031	-7.1	199.3130435
62121	-7.05	199.0956522
62213	-7.44	198.8782609
62307	-7.72	198.6608696
62401	-7.64	198.4434783
62497	-8.09	198.226087
62594	-8.02	198.0086957
62689	-7.67	197.7913043
62783	-7.54	197.573913
62877	-7.51	197.3565217
62970	-7.51	197.1391304
63064	-7.51	196.9217391
63157	-7.51	196.7043478
63249	-7.11	196.4869565
63338	-6.43	196.2695652
63424	-6.26	196.0521739
63512	-6.84	195.8347826
63600	-6.66	195.6173913
63687	-6.535	195.4
63688	-6.41	195.226087
63776	-6.83	195.0521739
63865	-6.82	194.8782609
63954	-6.79	194.7043478
64043	-6.94	194.5304348
64134	-7.27	194.3565217
64228	-7.7	194.1826087
64322	-7.55	194.0086957
64416	-7.4	193.8347826
64510	-7.91	193.6608696
64605	-7.43	193.4869565
64698	-7.49	193.3130435
64793	-7.97	193.1391304
64890	-7.92	192.9652174
64987	-8.17	192.7913043
65085	-7.98	192.6173913
65182	-7.95	192.4434783
65278	-7.76	192.2695652
65371	-7.25	192.0956522
65464	-7.49	191.9217391
65559	-7.71	191.7478261
65655	-8.15	191.573913
65701	-8.5	191.4
65756	-8.85	191.6769231
65855	-7.75	191.9538462
65949	-7.4	192.2307692
66045	-8.21	192.5076923
66144	-8.31	192.7846154
66243	-8.06	193.0615385
66338	-7.33	193.3384615
66429	-6.88	193.6153846
66520	-7.07	193.8923077
66613	-7.73	194.1692308
66708	-7.76	194.4461538
66803	-7.54	194.7230769
66883	-7.635	195
66898	-7.73	195.4695652
66992	-7.44	195.9391304
67085	-7.22	196.4086957
67178	-7.47	196.8782609
67272	-7.63	197.3478261
67367	-7.52	197.8173913
67462	-7.8	198.2869565
67557	-7.71	198.7565217
67653	-7.86	199.226087
67750	-8.15	199.6956522
67848	-8.04	200.1652174
67945	-7.89	200.6347826
68041	-7.55	201.1043478
68136	-7.8	201.573913
68233	-8.27	202.0434783
68330	-7.65	202.5130435
68424	-7.45	202.9826087
68520	-8.01	203.4521739
68617	-7.94	203.9217391
68715	-8.2	204.3913043
68811	-7.59	204.8608696
68902	-6.36	205.3304348
68987	-5.81	205.8
69071	-6.12	206.2695652
69155	-5.62	206.7391304
69238	-5.75	207.2086957
69324	-6.69	207.6782609
69413	-6.92	208.1478261
69506	-7.54	208.6173913
69599	-7.33	209.0869565
69691	-6.97	209.5565217
69780	-6.55	210.026087
69869	-6.75	210.4956522
69959	-7.31	210.9652174
70054	-7.84	211.4347826
70149	-7.72	211.9043478
70243	-7.05	212.373913
70334	-7.08	212.8434783
70425	-7.26	213.3130435
70515	-6.52	213.7826087
70600	-5.67	214.2521739
70683	-5.67	214.7217391
70766	-5.67	215.1913043
70848	-5.66	215.6608696
70931	-5.66	216.1304348
71013	-5.7	216.6
71096	-5.75	217.0695652
71180	-5.93	217.5391304
71264	-5.99	218.0086957
71347	-5.44	218.4782609
71427	-5.15	218.9478261
71506	-4.6	219.4173913
71584	-5.3	219.8869565
71664	-5.2	220.3565217
71743	-4.81	220.826087
71822	-5.36	221.2956522
71905	-6.13	221.7652174
71989	-5.55	222.2347826
72070	-5.38	222.7043478
72152	-5.69	223.173913
72235	-5.81	223.6434783
72318	-5.82	224.1130435
72403	-6.28	224.5826087
72489	-6.53	225.0521739
72578	-6.89	225.5217391
72666	-6.39	225.9913043
72753	-6.64	226.4608696
72840	-5.97	226.9304348
72849	-5.63	227.4
72922	-5.29	227.46
73003	-5.77	227.52
73087	-6	227.58
73172	-6.31	227.64
73258	-6.44	227.7
73347	-7.1	227.76
73440	-7.81	227.82
73533	-6.96	227.88
73620	-6.1	227.94
73706	-6.61	228
73795	-7.12	228.06
73885	-6.85	228.12
73973	-6.45	228.18
74060	-6.56	228.24
74150	-7.17	228.3
74238	-6.31	228.36
74322	-5.91	228.42
74405	-5.62	228.48
74484	-4.74	228.54
74565	-6.03	228.6
74651	-6.92	228.66
74738	-5.87	228.72
74821	-5.85	228.78
74903	-5.68	228.84
74985	-5.61	228.9
75066	-5.41	228.96
75147	-5.72	229.02
75229	-5.42	229.08
75308	-5.12	229.14
75360	-5.22	229.2
75388	-5.32	228.9369565
75468	-5.41	228.673913
75547	-5.13	228.4108696
75625	-4.66	228.1478261
75701	-4.53	227.8847826
75776	-4.39	227.6217391
75850	-4.35	227.3586957
75928	-5.41	227.0956522
76007	-5	226.8326087
76084	-4.83	226.5695652
76162	-5.23	226.3065217
76239	-4.37	226.0434783
76313	-4.05	225.7804348
76388	-4.8	225.5173913
76465	-5.08	225.2543478
76543	-5.16	224.9913043
76622	-5.22	224.7282609
76700	-4.92	224.4652174
76777	-4.67	224.2021739
76854	-5.09	223.9391304
76933	-5.5	223.676087
77014	-5.47	223.4130435
77094	-5.42	223.15
77175	-5.9	222.8869565
77259	-6.33	222.623913
77345	-6.71	222.3608696
77433	-7.14	222.0978261
77521	-6.59	221.8347826
77606	-5.81	221.5717391
77687	-5.76	221.3086957
77769	-5.81	221.0456522
77853	-6.45	220.7826087
77938	-6.52	220.5195652
78025	-6.62	220.2565217
78113	-7.28	219.9934783
78200	-6.06	219.7304348
78277	-3.82	219.4673913
78353	-5.71	219.2043478
78437	-6.79	218.9413043
78522	-6.12	218.6782609
78606	-6.32	218.4152174
78690	-6.06	218.1521739
78772	-5.78	217.8891304
78854	-5.87	217.626087
78937	-6.24	217.3630435
78995	-6.075	217.1
79020	-5.91	217.4133333
79098	-4.8	217.7266667
79174	-4.8	218.04
79251	-5	218.3533333
79327	-4.76	218.6666667
79402	-4.33	218.98
79478	-5.43	219.2933333
79557	-5.5	219.6066667
79636	-5.23	219.92
79714	-4.93	220.2333333
79791	-5.28	220.5466667
79870	-5.41	220.86
79947	-4.95	221.1733333
80020	-3.66	221.4866667
80059	-4.265	221.8
80093	-4.87	222.0358974
80173	-6.38	222.2717949
80257	-6.11	222.5076923
80341	-6.39	222.7435897
80422	-5.41	222.9794872
80498	-4.45	223.2153846
80572	-4.25	223.4512821
80645	-4.4	223.6871795
80719	-4.75	223.9230769
80794	-4.75	224.1589744
80869	-4.5	224.3948718
80943	-4.67	224.6307692
81019	-4.93	224.8666667
81096	-5.2	225.1025641
81170	-4.04	225.3384615
81240	-3.29	225.574359
81309	-3.87	225.8102564
81381	-4.45	226.0461538
81453	-3.89	226.2820513
81523	-3.33	226.5179487
81592	-3.79	226.7538462
81662	-3.79	226.9897436
81732	-3.81	227.225641
81802	-3.74	227.4615385
81872	-3.73	227.6974359
81942	-3.83	227.9333333
82012	-3.48	228.1692308
82080	-3.56	228.4051282
82148	-3.01	228.6410256
82213	-2.54	228.8769231
82280	-3.65	229.1128205
82352	-4.85	229.3487179
82427	-4.59	229.5846154
82500	-4.31	229.8205128
82573	-4.53	230.0564103
82647	-4.75	230.2923077
82721	-4.27	230.5282051
82792	-3.78	230.7641026
82858	-3.44	231
82860	-3.1	231.315625
82925	-2.42	231.63125
82990	-2.98	231.946875
83055	-2.58	232.2625
83121	-3.46	232.578125
83190	-3.92	232.89375
83261	-3.94	233.209375
83331	-3.94	233.525
83401	-3.7	233.840625
83470	-3.62	234.15625
83538	-3.27	234.471875
83608	-4.39	234.7875
83679	-3.71	235.103125
83747	-3.23	235.41875
83814	-3.2	235.734375
83881	-3.54	236.05
83952	-4.32	236.365625
84025	-4.64	236.68125
84097	-4.27	236.996875
84168	-3.91	237.3125
84238	-3.91	237.628125
84308	-3.92	237.94375
84378	-4.01	238.259375
84448	-3.76	238.575
84515	-2.53	238.890625
84576	-1.64	239.20625
84638	-2.65	239.521875
84703	-3.03	239.8375
84770	-3.43	240.153125
84838	-3.49	240.46875
84905	-3.29	240.784375
84929	-3.105	241.1
84971	-2.92	240.7384615
85036	-2.64	240.3769231
85100	-2.48	240.0153846
85164	-2.92	239.6538462
85229	-3.12	239.2923077
85296	-3.23	238.9307692
85361	-2.69	238.5692308
85425	-2.64	238.2076923
85489	-2.47	237.8461538
85551	-2.34	237.4846154
85615	-2.71	237.1230769
85680	-3	236.7615385
85727	-3.265	236.4
85746	-3.53	235.57
85814	-3.42	234.74
85881	-3.53	233.91
85949	-3.51	233.08
86016	-3.38	232.25
86083	-3.38	231.42
86150	-3.38	230.59
86218	-3.63	229.76
86286	-3.76	228.93
86323	-3.7	228.1
86355	-3.64	227.0307692
86423	-3.78	225.9615385
86492	-3.91	224.8923077
86562	-4.34	223.8230769
86635	-4.87	222.7538462
86707	-3.99	221.6846154
86777	-4.35	220.6153846
86848	-4.14	219.5461538
86919	-4.12	218.4769231
86989	-4.17	217.4076923
87060	-4.4	216.3384615
87132	-4.49	215.2692308
87180	-4.44	214.2
87203	-4.39	214.4
87274	-3.86	214.6
87342	-3.46	214.8
87410	-4.15	215
87482	-4.83	215.2
87554	-4.35	215.4
87624	-3.8	215.6
87695	-4.55	215.8
87766	-4.28	216
87837	-4.13	216.2
87907	-4.21	216.4
87978	-4.43	216.6
88049	-4.43	216.8
88051	-4.61	217
88122	-4.79	216.5
88196	-5.13	216
88271	-5.12	215.5
88345	-5.12	215
88420	-5.11	214.5
88495	-5.1	214
88570	-5.07	213.5
88644	-5.03	213
88719	-5.07	212.5
88793	-4.93	212
88866	-4.86	211.5
88938	-4.09	211
89008	-4.1	210.5
89077	-4.11	210
89148	-4.65	209.5
89221	-4.91	209
89296	-5.34	208.5
89363	-5.55	208
89373	-5.76	208.4939394
89450	-5.23	208.9878788
89523	-4.69	209.4818182
89597	-5.1	209.9757576
89672	-5.43	210.469697
89748	-5.42	210.9636364
89825	-5.41	211.4575758
89900	-5.06	211.9515152
89973	-4.69	212.4454545
90048	-5.61	212.9393939
90128	-6.68	213.4333333
90209	-5.94	213.9272727
90286	-5.34	214.4212121
90362	-5.58	214.9151515
90440	-5.73	215.4090909
90517	-5.77	215.9030303
90594	-5.18	216.3969697
90668	-5.11	216.8909091
90740	-4.16	217.3848485
90812	-5	217.8787879
90885	-4.79	218.3727273
90959	-5.02	218.8666667
91033	-4.99	219.3606061
91107	-5.19	219.8545455
91182	-5.21	220.3484848
91258	-5.72	220.8424242
91336	-5.81	221.3363636
91411	-4.73	221.830303
91480	-3.53	222.3242424
91547	-3.61	222.8181818
91615	-4.05	223.3121212
91685	-4.12	223.8060606
91691	-3.985	224.3
91753	-3.85	224.6727273
91823	-4.61	225.0454545
91896	-4.85	225.4181818
91968	-4.59	225.7909091
92040	-4.83	226.1636364
92114	-5.1	226.5363636
92187	-4.71	226.9090909
92259	-4.54	227.2818182
92329	-3.99	227.6545455
92398	-4.12	228.0272727
92460	-4.53	228.4
92470	-4.94	228.4880952
92542	-4.77	228.5761905
92617	-5.45	228.6642857
92690	-4.58	228.752381
92759	-3.32	228.8404762
92827	-4.28	228.9285714
92897	-4.46	229.0166667
92967	-4.06	229.1047619
93037	-4.14	229.1928571
93107	-4.62	229.2809524
93180	-5.15	229.3690476
93254	-4.7	229.4571429
93325	-4.48	229.5452381
93397	-4.69	229.6333333
93468	-4.44	229.7214286
93540	-4.92	229.8095238
93615	-5.61	229.897619
93690	-4.68	229.9857143
93761	-4.27	230.0738095
93829	-3.45	230.1619048
93895	-3.27	230.25
93961	-3.45	230.3380952
94026	-3.25	230.4261905
94093	-3.88	230.5142857
94164	-4.97	230.602381
94238	-4.97	230.6904762
94311	-4.84	230.7785714
94382	-4.12	230.8666667
94450	-3.66	230.9547619
94517	-3.51	231.0428571
94585	-4.15	231.1309524
94655	-4.35	231.2190476
94725	-4.45	231.3071429
94795	-4.05	231.3952381
94864	-3.87	231.4833333
94932	-3.8	231.5714286
95000	-3.96	231.6595238
95070	-4.39	231.747619
95141	-4.77	231.8357143
95214	-4.9	231.9238095
95284	-3.64	232.0119048
95349	-3.515	232.1
95351	-3.39	232.0060606
95418	-3.89	231.9121212
95487	-4	231.8181818
95556	-4	231.7242424
95624	-4	231.630303
95693	-3.85	231.5363636
95761	-3.7	231.4424242
95828	-3.7	231.3484848
95895	-3.7	231.2545455
95964	-4	231.1606061
96033	-4.3	231.0666667
96103	-3.95	230.9727273
96170	-3.5	230.8787879
96237	-3.5	230.7848485
96304	-3.8	230.6909091
96372	-3.87	230.5969697
96441	-4.23	230.5030303
96511	-4.35	230.4090909
96582	-4.28	230.3151515
96652	-4.35	230.2212121
96722	-3.88	230.1272727
96791	-4.2	230.0333333
96861	-4.51	229.9393939
96933	-4.51	229.8454545
97004	-4.51	229.7515152
97075	-4.42	229.6575758
97148	-5.24	229.5636364
97222	-4.9	229.469697
97294	-4.35	229.3757576
97365	-4.57	229.2818182
97439	-5.46	229.1878788
97514	-4.98	229.0939394
97588	-4.88	229
97659	-4.12	228.9060606
97727	-3.36	228.8121212
97794	-4.1	228.7181818
97864	-4.24	228.6242424
97936	-4.82	228.530303
98010	-5.38	228.4363636
98085	-4.87	228.3424242
98157	-4.38	228.2484848
98228	-4.51	228.1545455
98300	-4.84	228.0606061
98371	-3.93	227.9666667
98439	-3.5	227.8727273
98505	-3.51	227.7787879
98572	-3.51	227.6848485
98640	-4.12	227.5909091
98712	-4.75	227.4969697
98783	-4.39	227.4030303
98855	-4.56	227.3090909
98925	-4	227.2151515
98994	-3.8	227.1212121
99063	-4.17	227.0272727
99134	-4.58	226.9333333
99205	-4.35	226.8393939
99275	-4.12	226.7454545
99345	-4.07	226.6515152
99414	-4.03	226.5575758
99484	-4.01	226.4636364
99553	-3.95	226.369697
99622	-3.92	226.2757576
99691	-4.08	226.1818182
99760	-3.89	226.0878788
99828	-3.49	225.9939394
99842	-3.49	225.9
99894	-3.49	226.2333333
99961	-3.49	226.5666667
100028	-3.45	226.9
100095	-3.65	227.2333333
100163	-3.83	227.5666667
100232	-4.08	227.9
100301	-3.59	228.2333333
100367	-3.11	228.5666667
100432	-3.11	228.9
100498	-3.39	229.2333333
100565	-3.68	229.5666667
100633	-3.68	229.9
100700	-3.61	230.2333333
100768	-3.53	230.5666667
100833	-3.475	230.9
100835	-3.42	231.2529412
100902	-3.64	231.6058824
100969	-3.52	231.9588235
101036	-3.41	232.3117647
101102	-3.29	232.6647059
101168	-3.18	233.0176471
101234	-3.18	233.3705882
101299	-2.99	233.7235294
101363	-2.77	234.0764706
101427	-2.67	234.4294118
101490	-2.58	234.7823529
101554	-2.96	235.1352941
101618	-2.81	235.4882353
101681	-2.27	235.8411765
101743	-2.37	236.1941176
101806	-2.49	236.5470588
101829	-2.425	236.9
101868	-2.36	236.552
101930	-2.23	236.204
101991	-2.1	235.856
102052	-1.97	235.508
102114	-2.42	235.16
102177	-2.86	234.812
102241	-2.63	234.464
102304	-2.42	234.116
102366	-2.26	233.768
102427	-2.11	233.42
102489	-2.48	233.072
102553	-2.85	232.724
102618	-3.08	232.376
102684	-3.32	232.028
102749	-2.82	231.68
102812	-2.33	231.332
102876	-2.93	230.984
102942	-3.55	230.636
103008	-3.09	230.288
103073	-2.61	229.94
103137	-3.19	229.592
103205	-3.78	229.244
103273	-3.67	228.896
103341	-3.55	228.548
103372	-3.795	228.2
103410	-4.04	228.5222222
103481	-4.52	228.8444444
103553	-4.46	229.1666667
103625	-4.41	229.4888889
103697	-4.41	229.8111111
103769	-4.5	230.1333333
103841	-4.45	230.4555556
103912	-4.3	230.7777778
103984	-4.24	231.1
104054	-4.16	231.4222222
104125	-4.11	231.7444444
104195	-4.05	232.0666667
104266	-4.22	232.3888889
104337	-4.4	232.7111111
104409	-4.37	233.0333333
104480	-4.32	233.3555556
104552	-4.33	233.6777778
104623	-4.33	234
104695	-4.25	234.3222222
104766	-4.17	234.6444444
104837	-4.17	234.9666667
104908	-4.52	235.2888889
104982	-4.85	235.6111111
105055	-4.66	235.9333333
105128	-4.48	236.2555556
105200	-4.28	236.5777778
105213	-4.19	236.9
105271	-4.1	236.4866667
105342	-4.2	236.0733333
105413	-4.29	235.66
105485	-4.51	235.2466667
105559	-4.71	234.8333333
105631	-4.33	234.42
105702	-3.93	234.0066667
105772	-3.93	233.5933333
105842	-3.92	233.18
105911	-3.82	232.7666667
105980	-3.71	232.3533333
106048	-3.21	231.94
106114	-2.71	231.5266667
106179	-3.37	231.1133333
106203	-3.695	230.7
106248	-4.02	230.9678571
106319	-4.25	231.2357143
106391	-4.48	231.5035714
106463	-4.26	231.7714286
106535	-4.04	232.0392857
106606	-4.32	232.3071429
106678	-4.6	232.575
106752	-4.84	232.8428571
106828	-5.07	233.1107143
106902	-4.73	233.3785714
106976	-4.4	233.6464286
107048	-4.4	233.9142857
107121	-4.4	234.1821429
107194	-4.88	234.45
107270	-5.36	234.7178571
107349	-5.92	234.9857143
107431	-6.48	235.2535714
107515	-6.48	235.5214286
107599	-6.48	235.7892857
107683	-6.48	236.0571429
107767	-6.67	236.325
107852	-6.85	236.5928571
107938	-6.9	236.8607143
108025	-6.95	237.1285714
108111	-6.95	237.3964286
108198	-6.83	237.6642857
108283	-6.71	237.9321429
108308	-6.71	238.2
108369	-6.71	239.0333333
108454	-6.64	239.8666667
108538	-6.57	240.7
108622	-6.43	241.5333333
108706	-6.28	242.3666667
108789	-6.28	243.2
108872	-6.28	244.0333333
108954	-6.27	244.8666667
108994	-6.27	245.7
109037	-6.27	246.05
109121	-6.53	246.4
109206	-6.81	246.75
109292	-6.81	247.1
109378	-6.44	247.45
109461	-6.09	247.8
109543	-6.09	248.15
109625	-6.09	248.5
109707	-6.2	248.85
109790	-6.3	249.2
109872	-5.88	249.55
109952	-5.47	249.9
110031	-5.53	250.25
110110	-5.58	250.6
110189	-5.58	250.95
110253	-5.58	251.3
110269	-5.58	251.64375
110348	-5.58	251.9875
110427	-5.57	252.33125
110507	-5.57	252.675
110586	-5.57	253.01875
110666	-5.57	253.3625
110746	-6	253.70625
110829	-6.42	254.05
110913	-6.25	254.39375
110996	-6.08	254.7375
111078	-5.88	255.08125
111159	-5.68	255.425
111239	-5.68	255.76875
111319	-5.68	256.1125
111399	-5.68	256.45625
111456	-5.68	256.8
111480	-5.68	257.4333333
111560	-5.68	258.0666667
111640	-5.68	258.7
111721	-6.02	259.3333333
111805	-6.37	259.9666667
111889	-6.37	260.6
111973	-6.16	261.2333333
112055	-5.94	261.8666667
112137	-5.94	262.5
112219	-5.94	263.1333333
112301	-5.94	263.7666667
112383	-5.94	264.4
112465	-5.93	265.0333333
112547	-5.82	265.6666667
112577	-5.76	266.3
112628	-5.7	265.8916667
112708	-5.67	265.4833333
112790	-5.86	265.075
112872	-6.06	264.6666667
112954	-5.93	264.2583333
113036	-5.8	263.85
113116	-5.4	263.4416667
113195	-4.98	263.0333333
113272	-4.98	262.625
113348	-4.86	262.2166667
113425	-4.85	261.8083333
113472	-4.87	261.4
113501	-4.89	262.8666667
113578	-4.94	264.3333333
113656	-5.27	265.8
113736	-5.62	267.2666667
113815	-5.1	268.7333333
113891	-4.57	270.2
113966	-4.57	271.6666667
114041	-4.45	273.1333333
114082	-4.39	274.6
114115	-4.33	274.47
114189	-4.36	274.34
114264	-4.39	274.21
114338	-4.31	274.08
114411	-4.24	273.95
114486	-4.59	273.82
114562	-4.95	273.69
114639	-4.78	273.56
114715	-4.6	273.43
114738	-4.465	273.3
114790	-4.33	272.8090909
114863	-4.06	272.3181818
114935	-3.75	271.8272727
115006	-3.45	271.3363636
115077	-3.89	270.8454545
115150	-4.32	270.3545455
115222	-3.41	269.8636364
115289	-2.48	269.3727273
115355	-2.47	268.8818182
115420	-2.47	268.3909091
115486	-2.47	267.9
115551	-2.47	267.4090909
115617	-2.47	266.9181818
115683	-2.56	266.4272727
115749	-2.64	265.9363636
115816	-3.11	265.4454545
115886	-3.57	264.9545455
115956	-3.34	264.4636364
116025	-3.08	263.9727273
116093	-2.97	263.4818182
116161	-2.86	262.9909091
116175	-2.87	262.5
116228	-2.88	262.7318182
116296	-2.83	262.9636364
116363	-2.76	263.1954545
116430	-2.71	263.4272727
116497	-2.67	263.6590909
116563	-2.67	263.8909091
116630	-2.67	264.1227273
116697	-2.53	264.3545455
116762	-2.41	264.5863636
116827	-2.11	264.8181818
116891	-1.83	265.05
116954	-1.62	265.2818182
117016	-1.44	265.5136364
117077	-1.44	265.7454545
117139	-1.63	265.9772727
117202	-1.83	266.2090909
117264	-1.59	266.4409091
117326	-1.36	266.6727273
117388	-1.67	266.9045455
117451	-2	267.1363636
117514	-1.5	267.3681818
117519	-1.24	267.6
117575	-0.98	268.0133333
117635	-1.26	268.4266667
117697	-1.54	268.84
117759	-1.67	269.2533333
117822	-1.85	269.6666667
117886	-1.88	270.08
117949	-1.78	270.4933333
118012	-1.66	270.9066667
118074	-1.31	271.32
118135	-0.94	271.7333333
118194	-0.93	272.1466667
118254	-0.93	272.56
118314	-1.19	272.9733333
118376	-1.46	273.3866667
118396	-1.455	273.8
118438	-1.45	273.68
118499	-1.12	273.56
118559	-0.8	273.44
118618	-0.57	273.32
118676	-0.31	273.2
118735	-1.04	273.08
118796	-1.77	272.96
118859	-1.47	272.84
118921	-1.16	272.72
118981	-1.16	272.6
119042	-0.84	272.48
119101	-0.51	272.36
119160	-0.95	272.24
119221	-1.4	272.12
119273	-1.4	272
119283	-1.4	271.4769231
119345	-1.33	270.9538462
119406	-1.27	270.4307692
119467	-1.07	269.9076923
119528	-1.09	269.3846154
119589	-1.31	268.8615385
119650	-1	268.3384615
119710	-0.68	267.8153846
119770	-1.07	267.2923077
119831	-1.47	266.7692308
119894	-1.47	266.2461538
119955	-1.16	265.7230769
120002	-1.01	265.2
120016	-0.86	266.2416667
120076	-1.08	267.2833333
120138	-1.29	268.325
120199	-1.09	269.3666667
120259	-0.87	270.4083333
120319	-0.86	271.45
120379	-0.86	272.4916667
120439	-0.63	273.5333333
120498	-0.41	274.575
120555	-0.14	275.6166667
120612	0.13	276.6583333
120652	0.075	277.7
120669	0.02	277.4708333
120726	-0.1	277.2416667
120783	-0.24	277.0125
120841	-0.49	276.7833333
120900	-0.59	276.5541667
120959	-0.58	276.325
121018	-0.75	276.0958333
121079	-0.93	275.8666667
121139	-0.92	275.6375
121199	-0.47	275.4083333
121256	0	275.1791667
121314	-0.32	274.95
121373	-0.65	274.7208333
121432	-0.64	274.4916667
121492	-0.62	274.2625
121551	-0.6	274.0333333
121610	-0.6	273.8041667
121669	-0.32	273.575
121727	-0.03	273.3458333
121784	-0.03	273.1166667
121840	0.28	272.8875
121896	0.58	272.6583333
121951	0.59	272.4291667
121961	0.35	272.2
122006	0.11	272.5583333
122064	-0.37	272.9166667
122122	-0.01	273.275
122178	0.32	273.6333333
122234	0.41	273.9916667
122290	0.5	274.35
122345	0.32	274.7083333
122402	0.13	275.0666667
122458	0.13	275.425
122515	0.27	275.7833333
122571	0.39	276.1416667
122606	0.285	276.5
122627	0.18	276.1454545
122684	-0.05	275.7909091
122742	-0.39	275.4363636
122801	-0.75	275.0818182
122861	-0.3	274.7272727
122919	-0.09	274.3727273
122977	-0.32	274.0181818
123036	-0.41	273.6636364
123095	-0.51	273.3090909
123154	-0.24	272.9545455
123211	0.05	272.6
123268	0.54	272.2454545
123322	1.02	271.8909091
123377	0.63	271.5363636
123432	0.22	271.1818182
123489	0.27	270.8272727
123545	0.34	270.4727273
123602	0.25	270.1181818
123658	0.16	269.7636364
123715	0.44	269.4090909
123770	0.71	269.0545455
123815	0.715	268.7
123825	0.72	267.65
123858	0.67	266.6
123880	0.62	266.5666667
123936	0.51	266.5333333
123991	0.4	266.5
124046	1.07	266.4666667
124100	1.24	266.4333333
124154	0.59	266.4
124209	0.6	266.3666667
124265	0.6	266.3333333
124306	0.55	266.3
124320	0.5	268.55
124376	0.4	270.8
124432	0.5	273.05
124488	0.58	275.3
124544	0.62	277.55
124571	0.635	279.8
124599	0.65	278.1
124654	0.62	276.4
124710	0.6	274.7
124723	0.6	273
124765	0.6	274.4
124821	0.65	275.8
124876	0.46	277.2
124877	0.27	277
124935	-0.14	276.8
124993	0.04	276.6
125050	0.24	276.4
125107	0.47	276.2
125162	0.69	276
125217	0.95	275.8
125271	1.22	275.6
125325	0.92	275.4
125380	0.61	275.2
125435	0.82	275
125490	1.02	274.8
125544	1.07	274.6
125598	1.11	274.4
125653	0.76	274.2
125708	0.43	274
125746	0.44	273.8
125765	0.45	272.6833333
125821	0.53	271.5666667
125877	0.61	270.45
125933	0.55	269.3333333
125989	0.47	268.2166667
126023	0.425	267.1
126046	0.38	266.5888889
126103	0.28	266.0777778
126160	0.17	265.5666667
126217	0.53	265.0555556
126272	1.03	264.5444444
126327	1	264.0333333
126381	0.97	263.5222222
126436	0.93	263.0111111
126475	0.915	262.5
126491	0.9	262.5125
126545	1.26	262.525
126598	1.61	262.5375
126650	1.93	262.55
126700	2.5	262.5625
126749	2.74	262.575
126799	2.07	262.5875
126809	1.74	262.6
126851	1.41	263.5846154
126904	1.73	264.5692308
126955	2.07	265.5538462
127006	2.06	266.5384615
127057	2.05	267.5230769
127108	2.04	268.5076923
127159	2.13	269.4923077
127210	2.22	270.4769231
127260	2.33	271.4615385
127310	2.44	272.4461538
127360	2.44	273.4307692
127410	2.46	274.4153846
127445	2.415	275.4
127460	2.37	275.425
127510	2.29	275.45
127560	2.4	275.475
127610	2.52	275.5
127660	2.37	275.525
127710	2.22	275.55
127760	2.43	275.575
127808	2.505	275.6
127810	2.58	275.4636364
127860	2.49	275.3272727
127910	2.16	275.1909091
127961	2.06	275.0545455
128012	2.26	274.9181818
128062	2.49	274.7818182
128112	2.72	274.6454545
128161	2.7	274.5090909
128210	2.68	274.3727273
128259	2.5	274.2363636
128300	2.64	274.1
128309	2.78	278.4333333
128357	3.23	282.7666667
128399	3.195	287.1
128405	3.16	287.0571429
128453	3.08	287.0142857
128501	3.06	286.9714286
128549	2.71	286.9285714
128599	2.37	286.8857143
128650	2.11	286.8428571
128652	1.99	286.8
128702	1.87	286.2142857
128753	2.16	285.6285714
128804	2.45	285.0428571
128854	2.2	284.4571429
128906	1.96	283.8714286
128958	1.7	283.2857143
129007	1.57	282.7
129011	1.44	280.6333333
129065	1.42	278.5666667
129119	1.39	276.5
129172	1.83	274.4333333
129224	2.25	272.3666667
129274	2.52	270.3
129324	2.78	268.2333333
129374	2.2	266.1666667
129411	1.435	264.1
129428	0.67	264
129486	-0.31	263.9
129545	0.56	263.8
129600	1.42	263.7
129653	1.78	263.6
129705	2.16	263.5
129755	2.055	263.4
129757	1.95	262.7125
129809	1.73	262.025
129863	1.6	261.3375
129916	1.31	260.65
129971	1.14	259.9625
130026	1.47	259.275
130079	1.81	258.5875
130106	1.8	257.9
130131	1.79	258.45
130167	1.515	259
130185	1.24	259.3733333
130241	0.68	259.7466667
130297	0.88	260.12
130353	0.84	260.4933333
130410	0.59	260.8666667
130467	0.57	261.24
130525	0.53	261.6133333
130582	0.4	261.9866667
130641	0.24	262.36
130699	0.14	262.7333333
130759	-0.13	263.1066667
130819	-0.31	263.48
130880	-0.43	263.8533333
130942	-0.54	264.2266667
130992	-0.55	264.6
131004	-0.56	262.9666667
131066	-0.58	261.3333333
131128	-0.79	259.7
131190	-0.42	258.0666667
131250	0.16	256.4333333
131311	-0.49	254.8
131374	-1.14	253.1666667
131439	-1.54	251.5333333
131506	-1.94	249.9
131574	-1.73	248.2666667
131641	-1.51	246.6333333
131661	-1.495	245
131707	-1.48	243.4666667
131773	-1.45	241.9333333
131789	-1.66	240.4
131840	-1.87	238.1
131908	-2.28	235.8
131978	-2.23	233.5
132048	-2.48	231.2
132067	-2.63	228.9
132120	-2.78	228.4090909
132192	-2.78	227.9181818
132264	-2.6	227.4272727
132335	-2.42	226.9363636
132406	-2.44	226.4454545
132477	-2.52	225.9545455
132548	-2.57	225.4636364
132619	-2.58	224.9727273
132691	-2.58	224.4818182
132763	-2.76	223.9909091
132818	-2.96	223.5
132836	-3.16	223.5625
132911	-3.36	223.625
132987	-3.61	223.6875
133065	-3.84	223.75
133142	-3.69	223.8125
133219	-3.54	223.875
133296	-3.73	223.9375
133334	-3.796666667	224
133366	-3.863333333	220.3
133374	-3.93	218.36
133452	-3.58	216.42
133528	-3.23	214.48
133603	-3.23	212.54
133636	-3.52	210.6
133679	-3.81	210.3875
133759	-4.41	210.175
133841	-4.46	209.9625
133923	-4.47	209.75
134005	-4.89	209.5375
134091	-5.28	209.325
134178	-5.4	209.1125
134205	-5.57	208.9
134266	-5.74	207.1666667
134356	-5.93	205.4333333
134362	-6.01	203.7
134447	-6.09	203.8285714
134538	-5.76	203.9571429
134628	-5.74	204.0857143
134719	-6.39	204.2142857
134815	-6.97	204.3428571
134912	-6.9	204.4714286
135003	-6.89	204.6
135009	-6.88	203.2
135107	-7.18	201.8
135172	-7.22	200.4
135207	-7.26	199.2
135271	-7.37	198
135308	-7.48	198.02
135408	-7.3	198.04
135507	-6.83	198.06
135604	-6.91	198.08
135683	-7.02	198.1
135702	-7.13	199.025
135802	-7.33	199.95
135903	-7.31	200.875
135976	-7.225	201.8
136003	-7.14	201.25
136099	-7.325	200.7
136103	-7.51	201.15
136206	-7.81	201.6
136309	-7.44	202.05
136359	-7.415	202.5
136411	-7.39	200.85
136512	-7.54	199.2
136614	-7.29	197.55
136659	-7.4	195.9
136715	-7.51	198.5
136743	-7.725	201.1
136819	-7.94	200.1428571
136923	-7.62	199.1857143
137026	-7.5	198.2285714
137130	-7.82	197.2714286
137235	-7.93	196.3142857
137341	-7.98	195.3571429
137383	-7.85	194.4
137446	-7.72	194.15
137549	-7.45	193.9
137651	-7.47	193.65
137694	-7.51	193.4
137754	-7.55	193.6
137858	-7.88	193.8
137966	-8.51	194
137986	-8.7	194.2
138078	-8.89	192.8666667
138193	-9.24	191.5333333
138226	-9.09	190.2
138308	-8.94	190.375
138420	-8.59	190.55
138532	-8.72	190.725
138644	-8.67	190.9
138756	-8.67	191.075
138868	-8.59	191.25
138978	-8.3	191.425
139087	-8.3	191.6
139197	-8.53	191.775
139308	-8.4	191.95
139418	-8.4	192.125
139445	-8.55	192.3
139530	-8.7	193.35
139643	-8.86	194.4
139756	-8.66	195.45
139851	-8.545	196.5
139868	-8.43	196.4357143
139979	-8.64	196.3714286
140093	-8.99	196.3071429
140207	-8.82	196.2428571
140319	-8.34	196.1785714
140430	-8.44	196.1142857
140542	-8.67	196.05
140655	-8.6	195.9857143
140766	-8.38	195.9214286
140876	-8.11	195.8571429
140986	-8.59	195.7928571
141100	-8.75	195.7285714
141212	-8.38	195.6642857
141256	-8.356666667	195.6
141312	-8.333333333	196.5
141323	-8.31	195.9454545
141434	-8.54	195.3909091
141547	-8.7	194.8363636
141661	-8.58	194.2818182
141773	-8.51	193.7272727
141885	-8.39	193.1727273
141997	-8.54	192.6181818
142108	-8.21	192.0636364
142218	-8.12	191.5090909
142329	-8.36	190.9545455
142357	-8.305	190.4
142440	-8.25	190.6357143
142551	-8.49	190.8714286
142665	-8.73	191.1071429
142779	-8.68	191.3428571
142893	-8.58	191.5785714
143006	-8.41	191.8142857
143117	-8.09	192.05
143227	-8.17	192.2857143
143338	-8.31	192.5214286
143450	-8.34	192.7571429
143562	-8.34	192.9928571
143675	-8.65	193.2285714
143790	-8.87	193.4642857
143905	-8.36	193.7
144016	-7.95	193.9357143
144126	-8.18	194.1714286
144237	-8.13	194.4071429
144346	-7.71	194.6428571
144453	-7.79	194.8785714
144562	-7.85	195.1142857
144671	-7.93	195.35
144782	-8.21	195.5857143
144894	-8.32	195.8214286
145006	-8.19	196.0571429
145116	-7.9	196.2928571
145226	-8	196.5285714
145337	-8.13	196.7642857
145435	-8.22	197
145449	-8.31	197.1714286
145563	-8.62	197.3428571
145678	-8.49	197.5142857
145792	-8.34	197.6857143
145905	-8.45	197.8571429
146019	-8.31	198.0285714
146131	-8	198.2
146242	-7.99	198.3714286
146352	-7.86	198.5428571
146461	-7.71	198.7142857
146570	-7.82	198.8857143
146681	-7.98	199.0571429
146792	-8.02	199.2285714
146903	-8	199.4
147014	-7.88	199.5714286
147124	-7.95	199.7428571
147236	-8.02	199.9142857
147347	-8.02	200.0857143
147459	-8.15	200.2571429
147572	-8.05	200.4285714
147684	-7.97	200.6
147796	-8.25	200.7714286
147910	-8.32	200.9428571
148025	-8.47	201.1142857
148141	-8.45	201.2857143
148253	-7.67	201.4571429
148362	-7.52	201.6285714
148471	-7.7	201.8
148581	-7.64	201.9714286
148691	-7.84	202.1428571
148802	-7.84	202.3142857
148913	-7.72	202.4857143
149022	-7.62	202.6571429
149132	-7.54	202.8285714
149157	-7.605	203
149241	-7.67	201.9909091
149351	-7.52	200.9818182
149460	-7.46	199.9727273
149569	-7.66	198.9636364
149679	-7.64	197.9545455
149789	-7.61	196.9454545
149899	-7.57	195.9363636
150008	-7.34	194.9272727
150116	-7.33	193.9181818
150224	-7.54	192.9090909
150303	-7.44	191.9
150333	-7.34	190.4
150423	-7.135	188.9
150440	-6.93	189.68
150545	-6.96	190.46
150653	-7.43	191.24
150762	-7.41	192.02
150868	-6.75	192.8
150972	-6.61	193.58
151076	-6.86	194.36
151181	-6.91	195.14
151287	-6.91	195.92
151393	-7.22	196.7
151502	-7.42	197.48
151611	-7.38	198.26
151721	-7.4	199.04
151832	-7.82	199.82
151854	-7.855	200.6
151945	-7.89	200.1166667
152058	-7.89	199.6333333
152171	-7.69	199.15
152283	-7.77	198.6666667
152398	-8.15	198.1833333
152513	-8.08	197.7
152628	-7.86	197.2166667
152740	-7.64	196.7333333
152852	-7.49	196.25
152963	-7.67	195.7666667
153076	-7.64	195.2833333
153188	-7.78	194.8
153301	-7.68	194.3166667
153412	-7.23	193.8333333
153523	-7.61	193.35
153637	-8.06	192.8666667
153753	-8.1	192.3833333
153868	-7.74	191.9
153981	-7.62	191.4166667
154094	-7.72	190.9333333
154207	-7.64	190.45
154322	-8.14	189.9666667
154438	-7.86	189.4833333
154471	-7.615	189
154551	-7.37	188.5625
154664	-7.85	188.125
154783	-9	187.6875
154907	-8.8	187.25
155029	-8.53	186.8125
155151	-8.84	186.375
155271	-8.06	185.9375
155299	-8.07	185.5
155388	-8.08	186
155506	-8.21	186.5
155625	-8.4	187
155707	-8.145	187.5
155743	-7.89	187.8930233
155861	-8.37	188.2860465
155983	-8.87	188.6790698
156105	-8.28	189.072093
156225	-8.5	189.4651163
156349	-9.08	189.8581395
156473	-8.54	190.2511628
156593	-8.17	190.644186
156714	-8.52	191.0372093
156835	-8.49	191.4302326
156957	-8.55	191.8232558
157080	-8.58	192.2162791
157202	-8.5	192.6093023
157324	-8.59	193.0023256
157444	-7.84	193.3953488
157560	-7.69	193.7883721
157677	-7.91	194.1813953
157793	-7.67	194.5744186
157909	-7.75	194.9674419
158026	-7.93	195.3604651
158140	-6.97	195.7534884
158250	-6.93	196.1465116
158359	-6.63	196.5395349
158469	-7.13	196.9325581
158584	-8.05	197.3255814
158702	-7.62	197.7186047
158815	-7.07	198.1116279
158925	-6.62	198.5046512
159033	-6.72	198.8976744
159139	-5.89	199.2906977
159240	-5.27	199.6837209
159340	-5.63	200.0767442
159444	-6.58	200.4697674
159548	-5.36	200.8627907
159651	-6.27	201.255814
159757	-6.37	201.6488372
159865	-6.54	202.0418605
159971	-5.94	202.4348837
160076	-6.25	202.827907
160184	-6.76	203.2209302
160293	-6.67	203.6139535
160403	-6.78	204.0069767
160494	-6.785	204.4
160514	-6.79	203.0833333
160626	-7.4	201.7666667
160740	-6.85	200.45
160851	-7.07	199.1333333
160963	-6.79	197.8166667
161037	-7.135	196.5
161077	-7.48	196.2421053
161192	-7.34	195.9842105
161308	-7.52	195.7263158
161427	-7.97	195.4684211
161545	-7.41	195.2105263
161661	-7.38	194.9526316
161776	-7.03	194.6947368
161890	-7.25	194.4368421
162005	-7.18	194.1789474
162117	-6.6	193.9210526
162227	-6.6	193.6631579
162336	-6.22	193.4052632
162440	-5.46	193.1473684
162543	-5.59	192.8894737
162649	-6.6	192.6315789
162759	-6.42	192.3736842
162867	-6.14	192.1157895
162976	-6.52	191.8578947
162996	-6.885	191.6
163089	-7.25	191.3
163204	-7.03	191
163318	-7.05	190.7
163432	-7	190.4
163522	-6.905	190.1
163546	-6.81	189.675
163660	-7.23	189.25
163777	-7.39	188.825
163896	-7.66	188.4
164016	-7.76	187.975
164136	-7.58	187.55
164258	-8.26	187.125
164341	-8.36	186.7
164385	-8.46	186.3777778
164512	-8.57	186.0555556
164642	-8.77	185.7333333
164769	-8.11	185.4111111
164894	-8.29	185.0888889
165021	-8.44	184.7666667
165148	-8.3	184.4444444
165274	-8.31	184.1222222
165278	-8.065	183.8
165399	-7.82	185.2111111
165522	-7.98	186.6222222
165646	-8.17	188.0333333
165774	-8.57	189.4444444
165903	-8.53	190.8555556
166029	-7.97	192.2666667
166155	-8.44	193.6777778
166284	-8.39	195.0888889
166299	-8.255	196.5
166411	-8.12	196.5451613
166537	-8.34	196.5903226
166662	-7.65	196.6354839
166785	-7.9	196.6806452
166909	-7.82	196.7258065
167035	-8.45	196.7709677
167164	-8.25	196.816129
167290	-7.99	196.8612903
167414	-7.76	196.9064516
167539	-7.96	196.9516129
167664	-7.96	196.9967742
167790	-8.05	197.0419355
167915	-7.89	197.0870968
168039	-7.56	197.1322581
168159	-7.13	197.1774194
168276	-6.65	197.2225806
168391	-6.62	197.2677419
168506	-6.9	197.3129032
168623	-6.71	197.3580645
168739	-6.94	197.4032258
168857	-7.05	197.4483871
168974	-6.59	197.4935484
169088	-6.33	197.5387097
169201	-6.33	197.583871
169314	-6.29	197.6290323
169425	-5.81	197.6741935
169531	-5.08	197.7193548
169638	-5.83	197.7645161
169750	-6.47	197.8096774
169866	-6.87	197.8548387
169870	-6.74	197.9
169983	-6.61	197.8956522
170101	-7.01	197.8913043
170221	-7.3	197.8869565
170340	-6.71	197.8826087
170455	-6.23	197.8782609
170568	-6.05	197.873913
170683	-6.85	197.8695652
170803	-7.25	197.8652174
170922	-6.61	197.8608696
171040	-7.01	197.8565217
171165	-7.97	197.8521739
171289	-7	197.8478261
171405	-6.16	197.8434783
171519	-6.27	197.8391304
171638	-7.41	197.8347826
171760	-6.88	197.8304348
171880	-7.08	197.826087
172004	-7.65	197.8217391
172132	-8.05	197.8173913
172262	-8.15	197.8130435
172393	-8.14	197.8086957
172522	-7.53	197.8043478
172596	-7.545	197.8
172647	-7.56	197.7
172774	-7.64	197.6
172900	-7.51	197.5
173027	-7.72	197.4
173153	-7.31	197.3
173275	-6.89	197.2
173397	-7.11	197.1
173519	-6.96	197
173642	-7.13	196.9
173761	-6.3	196.8
173875	-5.74	196.7
173988	-5.91	196.6
174105	-6.86	196.5
174226	-6.74	196.4
174344	-6.18	196.3
174459	-6.02	196.2
174573	-5.95	196.1
174617	-6.02	196
174688	-6.09	195.2875
174804	-6.27	194.575
174920	-5.92	193.8625
175034	-6.02	193.15
175150	-6.14	192.4375
175266	-6.16	191.725
175386	-6.84	191.0125
175440	-7.045	190.3
175509	-7.25	190.15
175630	-6.09	190
175746	-6.04	189.85
175866	-7	189.7
175991	-7.22	189.55
176030	-7.225	189.4
176117	-7.23	189.6333333
176244	-7.56	189.8666667
176271	-7.445	190.1
176373	-7.33	191.0777778
176501	-7.5	192.0555556
176630	-7.58	193.0333333
176759	-7.54	194.0111111
176887	-7.19	194.9888889
177015	-7.49	195.9666667
177142	-7.08	196.9444444
177268	-7.06	197.9222222
177393	-6.88	198.9
177517	-6.92	199.8777778
177644	-7.4	200.8555556
177773	-7.44	201.8333333
177900	-6.94	202.8111111
178026	-7.07	203.7888889
178153	-7.25	204.7666667
178283	-7.64	205.7444444
178417	-8.19	206.7222222
178550	-8.17	207.7
178554	-8.15	207.975
178691	-8.28	208.25
178830	-8.35	208.525
178965	-7.5	208.8
179093	-6.77	209.075
179217	-6.65	209.35
179342	-7	209.625
179468	-6.83	209.9
179590	-6.08	210.175
179706	-5.3	210.45
179820	-5.49	210.725
179939	-6.39	211
180060	-6.34	211.275
180182	-6.35	211.55
180304	-6.28	211.825
180426	-6.44	212.1
180546	-6.075	212.375
180546	-5.71	212.65
180663	-5.64	212.925
180779	-5.64	213.2
180780	-5.64	213.7625
180895	-5.32	214.325
181011	-5.73	214.8875
181132	-6.64	215.45
181259	-6.92	216.0125
181382	-5.8	216.575
181502	-6.2	217.1375
181617	-6.485	217.7
181626	-6.77	215.25
181753	-6.71	212.8
181881	-6.95	210.35
182011	-7.3	207.9
182146	-7.87	205.45
182284	-8	203
182421	-7.52	200.55
182447	-7.59	198.1
182556	-7.66	198.3428571
182694	-8.08	198.5857143
182830	-7.29	198.8285714
182965	-7.7	199.0714286
183102	-7.77	199.3142857
183243	-8.58	199.5571429
183355	-8.345	199.8
183386	-8.11	200.0846154
183525	-7.64	200.3692308
183664	-8.17	200.6538462
183807	-8.2	200.9384615
183948	-8.08	201.2230769
184088	-7.79	201.5076923
184229	-8.1	201.7923077
184367	-7.37	202.0769231
184501	-7.1	202.3615385
184641	-8.72	202.6461538
184787	-8.21	202.9307692
184928	-7.75	203.2153846
185063	-7.925	203.5
185069	-8.1	203.95
185212	-8.23	204.4
185354	-7.75	204.85
185494	-7.94	205.3
185640	-8.72	205.75
185788	-8.49	206.2
185931	-7.64	206.65
186071	-7.9	207.1
186213	-7.98	207.55
186356	-7.95	208
186499	-8.14	208.45
186642	-7.68	208.9
186784	-8.09	209.35
186927	-7.94	209.8
187067	-7.36	210.25
187199	-7.315	210.7
187204	-7.27	211.9176471
187343	-7.75	213.1352941
187486	-8.14	214.3529412
187630	-7.78	215.5705882
187770	-7.42	216.7882353
187907	-7.01	218.0058824
188042	-7.03	219.2235294
188181	-7.87	220.4411765
188324	-7.84	221.6588235
188467	-7.63	222.8764706
188609	-7.92	224.0941176
188752	-7.51	225.3117647
188892	-7.46	226.5294118
189030	-7.1	227.7470588
189165	-6.64	228.9647059
189297	-6.48	230.1823529
189335	-6.78	231.4
189431	-7.08	231.4066667
189568	-7.02	231.4133333
189702	-6.63	231.42
189832	-6.02	231.4266667
189961	-6.27	231.4333333
190092	-6.49	231.44
190222	-6	231.4466667
190348	-5.61	231.4533333
190469	-4.84	231.46
190587	-4.79	231.4666667
190705	-4.72	231.4733333
190822	-4.51	231.48
190934	-3.6	231.4866667
191043	-3.68	231.4933333
191057	-4.155	231.5
191156	-4.63	229.26
191276	-5.18	227.02
191398	-5.35	224.78
191522	-5.51	222.54
191592	-5.53	220.3
191647	-5.55	220.0444444
191771	-5.36	219.7888889
191895	-5.46	219.5333333
192018	-4.97	219.2777778
192138	-4.83	219.0222222
192258	-5.02	218.7666667
192382	-5.51	218.5111111
192509	-5.85	218.2555556
192632	-5.93	218
192638	-6.01	218.4047619
192768	-5.97	218.8095238
192895	-5.35	219.2142857
193022	-5.84	219.6190476
193152	-6.21	220.0238095
193285	-6.28	220.4285714
193421	-6.78	220.8333333
193556	-6.25	221.2380952
193687	-5.68	221.6428571
193816	-5.89	222.047619
193946	-5.88	222.452381
194075	-5.63	222.8571429
194201	-5.19	223.2619048
194324	-4.8	223.6666667
194444	-4.53	224.0714286
194565	-4.96	224.4761905
194687	-4.79	224.8809524
194806	-4.23	225.2857143
194926	-5.07	225.6904762
195051	-5.22	226.0952381
195123	-5.06	226.5
195175	-4.9	225.22
195298	-4.81	223.94
195420	-4.92	222.66
195546	-5.48	221.38
195625	-5.68	220.1
195676	-5.88	220.49375
195808	-5.95	220.8875
195940	-5.78	221.28125
196071	-5.73	221.675
196202	-5.59	222.06875
196332	-5.72	222.4625
196463	-5.72	222.85625
196593	-5.45	223.25
196722	-5.37	223.64375
196846	-4.49	224.0375
196965	-4.04	224.43125
197086	-4.86	224.825
197211	-5.17	225.21875
197338	-4.97	225.6125
197462	-4.79	226.00625
197567	-4.83	226.4
197587	-4.87	228.0444444
197711	-4.83	229.6888889
197833	-4.3	231.3333333
197954	-4.48	232.9777778
198075	-4.07	234.6222222
198192	-3.85	236.2666667
198309	-3.8	237.9111111
198426	-3.81	239.5555556
198442	-3.745	241.2
198542	-3.68	241.4333333
198656	-3.2	241.6666667
198768	-3.29	241.9
198881	-3.08	242.1333333
198992	-2.96	242.3666667
199025	-3.165	242.6
199104	-3.37	242.88
199220	-3.84	243.16
199337	-3.62	243.44
199452	-3.4	243.72
199567	-3.63	244
199682	-3.17	244.28
199793	-2.8	244.56
199904	-2.95	244.84
200015	-2.68	245.12
200124	-2.78	245.4
200236	-3.07	245.68
200345	-2.23	245.96
200451	-2.02	246.24
200558	-2.42	246.52
200666	-2.48	246.8
200776	-2.82	247.08
200887	-2.84	247.36
200998	-2.78	247.64
201109	-2.59	247.92
201216	-1.9	248.2
201319	-1.49	248.48
201423	-1.96	248.76
201529	-2.11	249.04
201635	-1.99	249.32
201742	-2.26	249.6
201849	-2.08	249.88
201957	-2.34	250.16
202065	-2.02	250.44
202169	-1.53	250.72
202212	-1.965	251
202275	-2.4	249.81
202386	-2.59	248.62
202496	-2.51	247.43
202607	-2.54	246.24
202717	-2.35	245.05
202826	-2.29	243.86
202936	-2.49	242.67
203046	-2.38	241.48
203155	-1.98	240.29
203191	-1.953333333	239.1
203200	-1.926666667	239.7142857
203262	-1.9	240.3285714
203370	-2.34	240.9428571
203481	-2.56	241.5571429
203527	-2.495	242.1714286
203592	-2.43	242.7857143
203704	-2.73	243.4
203818	-2.92	244.0142857
203933	-3.03	244.6285714
203980	-3.065	245.2428571
204049	-3.1	245.8571429
204164	-2.71	246.4714286
204278	-2.84	247.0857143
204283	-2.976666667	247.7
204325	-3.113333333	247.3333333
204394	-3.25	246.9666667
204512	-3.17	246.6
204629	-2.94	246.2333333
204743	-2.56	245.8666667
204857	-2.78	245.5
204973	-3.17	245.1333333
205092	-3.55	244.7666667
205148	-3.62	244.4
205214	-3.69	241.275
205336	-3.68	238.15
205386	-3.663333333	235.025
205435	-3.646666667	231.9
205458	-3.63	231.975
205582	-3.95	232.05
205708	-4.25	232.125
205715	-4.283333333	232.2
205760	-4.316666667	231.5
205836	-4.35	230.8
205965	-4.45	230.1
206097	-4.95	229.4
206119	-5	228.7
206232	-5.05	228.3
206287	-4.86	227.9
206366	-4.67	227.5
206496	-4.39	227.1
206627	-4.62	226.7
206672	-4.63	226.3
206681	-4.64	226.92
206759	-4.65	227.54
206890	-4.27	228.16
207019	-4.37	228.78
207029	-4.343333333	229.4
207072	-4.316666667	229.8
207149	-4.29	230.2
207278	-4.31	230.6
207409	-4.49	231
207412	-4.45	231.4
207463	-4.41	232.3714286
207540	-4.37	233.3428571
207671	-4.47	234.3142857
207803	-4.51	235.2857143
207857	-4.31	236.2571429
207933	-4.11	237.2285714
207991	-4.065	238.2
208061	-4.02	237.8666667
208061	-4.13	237.5333333
208177	-4.24	237.2
208191	-4.35	236.3
208244	-4.025	235.4
208319	-3.7	234.5
208445	-3.81	233.6
208571	-3.68	232.7
208623	-3.635	231.8
208696	-3.59	230.9
208794	-3.595	230
208821	-3.6	232.625
208946	-3.55	235.25
209072	-3.7	237.875
209073	-3.38	240.5
209195	-3.06	240.925
209315	-2.88	241.35
209364	-2.976666667	241.775
209414	-3.073333333	242.2
209436	-3.17	242.5428571
209560	-3.55	242.8857143
209686	-3.73	243.2285714
209812	-3.48	243.5714286
209864	-3.53	243.9142857
209938	-3.58	244.2571429
210022	-3.325	244.6
210062	-3.07	244.3666667
210182	-2.51	244.1333333
210232	-2.575	243.9
210300	-2.64	244.3857143
210418	-2.67	244.8714286
210466	-2.79	245.3571429
210538	-2.91	245.8428571
210659	-2.79	246.3285714
210777	-2.33	246.8142857
210830	-2.235	247.3
210893	-2.14	248.8666667
210941	-2.163333333	250.4333333
211005	-2.186666667	252
211009	-2.21	251.15
211057	-2.425	250.3
211127	-2.64	249.45
211246	-2.67	248.6
211366	-2.56	247.75
211476	-2.545	246.9
211485	-2.53	245.8428571
211603	-2.28	244.7857143
211651	-2.445	243.7285714
211721	-2.61	242.6714286
211842	-2.8	241.6142857
211892	-2.533333333	240.5571429
211929	-2.266666667	239.5
211960	-2	243.08
212075	-2.03	246.66
212190	-1.81	250.24
212237	-1.93	253.82
212281	-2.05	257.4
212305	-2.17	256
212422	-2.07	254.6
212538	-2.03	253.2
212653	-1.65	251.8
212700	-1.64	250.4
212766	-1.63	249
212881	-2.07	247.6
212928	-1.86	246.2
212996	-1.65	244.8
213005	-1.575	243.4
213109	-1.5	244.1090909
213223	-1.96	244.8181818
213338	-1.76	245.5272727
213453	-1.67	246.2363636
213567	-1.82	246.9454545
213684	-2.06	247.6545455
213799	-1.45	248.3636364
213911	-1.35	249.0727273
214024	-1.58	249.7818182
214138	-1.5	250.4909091
214153	-1.45	251.2
214251	-1.4	250.3090909
214297	-1.405	249.4181818
214364	-1.41	248.5272727
214478	-1.61	247.6363636
214592	-1.58	246.7454545
214639	-1.47	245.8545455
214706	-1.36	244.9636364
214819	-1.29	244.0727273
214932	-1.39	243.1818182
214978	-1.483333333	242.2909091
215041	-1.576666667	241.4
215047	-1.67	241.2428571
215161	-1.4	241.0857143
215274	-1.24	240.9285714
215386	-1.02	240.7714286
215432	-0.965	240.6142857
215497	-0.91	240.4571429
215593	-1.065	240.3
215608	-1.22	240.9
215723	-1.74	241.5
215839	-1.45	242.1
215879	-1.62	242.7
215955	-1.79	243.2333333
216003	-1.953333333	243.7666667
216003	-2.116666667	244.3
216075	-2.28	244.8333333
216197	-2.39	245.3666667
216319	-2.11	245.9
216369	-2.125	246.4333333
216439	-2.14	246.9666667
216459	-2.12	247.5
216560	-2.1	248.2
216678	-1.39	248.9
216792	-1.05	249.6
216839	-1.01	250.3
216904	-0.97	251
217009	-1.1	251.7
217018	-1.23	251.575
217131	-1.07	251.45
217244	-0.86	251.325
217271	-0.94	251.2
217356	-1.02	249.2333333
217470	-1.13	247.2666667
217574	-1.165	245.3
217584	-1.2	245.35
217676	-1.19	245.4
217699	-1.18	244.7875
217817	-2.18	244.175
217939	-2.04	243.5625
217989	-1.945	242.95
218060	-1.85	242.3375
218181	-1.97	241.725
218303	-2.08	241.1125
218342	-2.14	240.5
218426	-2.2	238.74
218551	-2.62	236.98
218602	-2.925	235.22
218681	-3.23	233.46
218814	-3.2	231.7
218946	-2.94	229.94
219000	-2.92	228.18
219076	-2.9	226.42
219207	-2.98	224.66
219339	-3.17	222.9
219393	-3.26	221.14
219472	-3.35	219.38
219605	-2.84	217.62
219660	-2.985	215.86
219679	-3.13	214.1
219680	-3.275	212.2
219738	-3.42	213.175
219878	-4.37	214.15
220023	-4.31	215.125
220042	-4.27	216.1
220167	-4.23	216.15
220182	-4.296666667	216.2
220226	-4.363333333	213.7
220312	-4.43	211.2
220461	-4.99	208.7
220613	-4.84	206.2
220758	-4.676666667	203.7
220760	-4.513333333	207.2
220761	-4.35	207.625
220907	-4.49	208.05
220967	-4.67	208.475
221054	-4.85	208.9
221058	-5.03	208.3666667
221210	-4.89	207.8333333
221272	-4.92	207.3
221363	-4.95	206.7666667
221520	-5.78	206.2333333
221612	-5.985	205.7
221684	-6.19	205.47
221850	-6.02	205.24
222015	-6.06	205.01
222182	-6.21	204.78
222355	-7.07	204.55
222426	-7.18	204.32
222535	-7.29	204.09
222711	-6.49	203.86
222885	-6.78	203.63
222958	-6.9	203.4
223062	-7.02	205.86
223135	-6.955	208.32
223240	-6.89	210.78
223420	-7.3	213.24
223446	-7.465	215.7
223605	-7.63	218.0555556
223681	-7.615	220.4111111
223792	-7.6	222.7666667
223979	-7.55	225.1222222
224164	-7.36	227.4777778
224240	-7.5	229.8333333
224351	-7.64	232.1888889
224536	-7.19	234.5444444
224630	-6.925	236.9
224716	-6.66	236.5
224888	-5.89	236.1
224959	-6.055	235.7
225058	-6.22	235.3
225229	-6.2	234.9
225299	-6.04	234.5
225399	-5.88	234.0333333
225469	-5.583333333	233.5666667
225509	-5.286666667	233.1
225562	-4.99	230.2333333
225726	-5.96	227.3666667
225888	-6.275	224.5
225900	-6.59	225.4875
225971	-6.155	226.475
226072	-5.72	227.4625
226238	-5.58	228.45
226408	-6.17	229.4375
226582	-6.33	230.425
226653	-6.396666667	231.4125
226710	-6.463333333	232.4
226758	-6.53	232.7
226939	-7.04	233
227128	-7.7	233.3
227321	-7.62	233.6
227384	-7.405	233.9
227512	-7.19	236.5
227699	-7.12	239.1
227840	-6.965	241.7
227883	-6.81	241.8521739
227958	-6.655	242.0043478
228064	-6.5	242.1565217
228241	-6.01	242.3086957
228416	-6.19	242.4608696
228488	-6.5	242.6130435
228596	-6.81	242.7652174
228783	-7.33	242.9173913
228974	-7.34	243.0695652
229052	-7.265	243.2217391
229165	-7.19	243.373913
229354	-7.01	243.526087
229541	-6.89	243.6782609
229726	-6.71	243.8304348
229802	-6.525	243.9826087
229909	-6.34	244.1347826
230088	-6.15	244.2869565
230161	-6	244.4391304
230264	-5.85	244.5913043
230440	-6.17	244.7434783
230618	-5.94	244.8956522
230691	-5.946666667	245.0478261
230703	-5.953333333	245.2
230794	-5.96	246.58
230972	-6.09	247.96
231146	-5.37	249.34
231315	-5.15	250.72
231382	-5.11	252.1
231482	-5.07	249.96
231649	-4.98	247.82
231815	-4.93	245.68
231979	-4.54	243.54
231990	-4.46	241.4
232140	-4.38	242.4
232206	-4.323333333	243.4
232206	-4.266666667	244.4
232299	-4.21	245.4
232458	-4.29	246.4
232570	-4.225	247.4
232617	-4.16	246.7857143
232682	-4.035	246.1714286
232774	-3.91	245.5571429
232838	-3.855	244.9428571
232930	-3.8	244.3285714
233083	-3.44	243.7142857
233102	-3.495	243.1
233146	-3.55	242.5428571
233146	-3.605	241.9857143
233236	-3.66	241.4285714
233390	-3.71	240.8714286
233453	-3.485	240.3142857
233542	-3.26	239.7571429
233646	-3.065	239.2
233691	-2.87	240.5
233836	-2.59	241.8
233979	-2.33	243.1
234122	-2.78	244.4
234126	-2.72	245.7
234268	-2.66	245.7666667
234411	-2.22	245.8333333
234470	-2.22	245.9
234552	-2.22	246.4
234694	-2.25	246.9
234781	-2.45	247.4
234837	-2.65	248.5
234896	-2.71	249.6
234984	-2.77	250.7
235129	-2.44	251.8
235213	-2.185	252.9
235271	-1.93	253.6666667
235329	-1.925	254.4333333
235411	-1.92	255.2
235552	-2.24	255.9666667
235694	-2.13	256.7333333
235836	-2.11	257.5
235977	-1.89	258.2666667
236114	-1.45	259.0333333
236236	-1.425	259.8
236250	-1.4	260.3666667
236385	-1.11	260.9333333
236518	-1.17	261.5
236652	-1.15	262.0666667
236785	-0.94	262.6333333
236851	-0.77	263.2
236916	-0.6	264.5166667
236970	-0.25	265.8333333
237043	0.1	267.15
237166	0.16	268.4666667
237288	0.48	269.7833333
237338	0.42	271.1
237410	0.36	272.4166667
237529	1.03	273.7333333
237643	1.73	275.05
237690	1.735	276.3666667
237755	1.74	277.6833333
237831	1.865	279
237866	1.99	279.2166667
237912	2.095	279.4333333
237975	2.2	279.65
238084	2.09	279.8666667
238194	1.9	280.0833333
238199	1.825	280.3
238306	1.75	278.4666667
238419	1.66	276.6333333
238532	1.55	274.8
238578	1.425	272.9666667
238647	1.3	271.1333333
238764	1.12	269.3
238883	0.99	267.4666667
238932	0.89	265.6333333
238935	0.79	263.8
239003	0.69	260.95
239125	0.56	258.1
239248	0.46	255.25
239250	0.246666667	252.4
239298	0.033333333	251.775
239375	-0.18	251.15
239506	-0.54	250.525
239545	-0.915	249.9
239642	-1.29	246.6
239698	-1.525	243.3
239784	-1.76	240
239866	-1.99	236.7
239931	-2.22	235.125
240080	-2.12	233.55
240141	-2.276666667	231.975
240201	-2.433333333	230.4
240231	-2.59	227.65
240387	-3.09	224.9
240548	-3.43	222.15
240577	-3.47	219.4
240614	-3.51	219.0384615
240711	-3.55	218.6769231
240877	-3.85	218.3153846
241048	-4.17	217.9538462
241118	-4.386666667	217.5923077
241118	-4.603333333	217.2307692
241224	-4.82	216.8692308
241406	-5.23	216.5076923
241596	-5.8	216.1461538
241674	-6.005	215.7846154
241792	-6.21	215.4230769
241991	-6.1	215.0615385
242068	-5.98	214.7
242187	-5.86	213.4916667
242267	-5.83	212.2833333
242382	-5.8	211.075
242576	-5.74	209.8666667
242770	-5.65	208.6583333
242850	-5.335	207.45
242959	-5.02	206.2416667
243144	-4.93	205.0333333
243330	-5.18	203.825
243406	-5.32	202.6166667
243519	-5.46	201.4083333
243653	-5.695	200.2
243714	-5.93	202.94
243916	-6.38	205.68
243999	-6.6	208.42
244124	-6.82	211.16
244215	-6.88	213.9
244337	-6.94	211.2571429
244424	-6.966666667	208.6142857
244424	-6.993333333	205.9714286
244551	-7.02	203.3285714
244639	-7.045	200.6857143
244767	-7.07	198.0428571
244863	-7.02	195.4
244983	-6.97	195.66
245196	-6.72	195.92
245283	-6.65	196.18
245407	-6.58	196.44
245483	-6.645	196.7
245618	-6.71	196.375
245834	-7.19	196.05
246053	-7.07	195.725
246090	-6.965	195.4
246269	-6.86	195.85
246485	-6.83	196.3
246574	-6.805	196.75
246700	-6.78	197.2
246917	-7.07	197.65
247135	-6.92	198.1
247351	-6.6	198.55
247447	-6.69	199
247566	-6.78	199.725
247785	-7.13	200.45
248007	-7.13	201.175
248087	-7.115	201.9
248229	-7.1	202.25
248453	-7.36	202.6
248545	-7.385	202.95
248680	-7.41	203.3
248907	-7.24	203.65
248980	-7	204
249128	-6.76	203.9888889
249219	-6.635	203.9777778
249345	-6.51	203.9666667
249560	-6.48	203.9555556
249772	-6.11	203.9444444
249984	-6.39	203.9333333
250199	-6.52	203.9222222
250413	-6.17	203.9111111
250461	-5.883333333	203.9
250501	-5.596666667	204.625
250618	-5.31	205.35
250818	-5.29	206.075
251021	-5.72	206.8
251104	-6.03	207.525
251231	-6.34	208.25
251448	-6.48	208.975
251521	-6.49	209.7
251666	-6.5	208.7
251883	-6.25	207.7
252102	-6.79	206.7
252174	-6.975	205.7
252329	-7.16	206.34
252422	-6.825	206.98
252553	-6.49	207.62
252769	-6.01	208.26
252959	-6.28	208.9
252986	-6.55	209.7285714
253075	-6.84	210.5571429
253213	-7.13	211.3857143
253442	-6.93	212.2142857
253670	-6.88	213.0428571
253763	-6.796666667	213.8714286
253880	-6.713333333	214.7
253896	-6.63	216.2
254121	-6.75	217.7
254345	-6.45	219.2
254560	-5.6	220.7
254767	-5.14	222.2
254972	-5.41	223.7
255056	-5.59	225.2
255183	-5.77	226.7
255233	-5.965	228.2
255399	-6.16	222.54
255620	-6.39	216.88
255711	-6.41	211.22
255844	-6.43	205.56
256053	-6.395	199.9
256068	-6.36	202.85
256294	-6.69	205.8
256387	-6.776666667	208.75
256501	-6.863333333	211.7
256525	-6.95	207.1
256759	-6.93	202.5
256994	-7.13	197.9
257234	-7.42	193.3
257247	-7.5	188.7
257479	-7.58	188.2
257726	-7.7	187.7
257792	-7.75	187.2
257827	-7.8	188.6
257975	-7.85	190
258224	-7.5	191.4
258471	-7.67	192.8
258477	-7.84	194.2
258723	-8.01	195.7666667
258978	-7.98	197.3333333
259228	-8.035	198.9
259235	-8.09	196.06
259340	-8.07	193.22
259492	-8.05	190.38
259750	-7.99	187.54
259958	-8.145	184.7
260009	-8.3	185.84
260272	-8.31	186.98
260380	-8.285	188.12
260536	-8.26	189.26
260754	-8.39	190.4
260801	-8.52	191.1
261069	-8.43	191.8
261179	-8.43	192.5
261336	-8.43	193.2
261595	-8.31	193.9
261602	-8.19	193.95
261865	-8.16	194
261973	-8.29	194.05
262131	-8.42	194.1
262399	-8.3	194.15
262411	-8.255	194.2
262665	-8.21	195.04
262933	-8.42	195.88
263043	-8.275	196.72
263201	-8.13	197.56
263207	-8.105	198.4
263466	-8.08	197.1
263732	-8.3	195.8
264004	-8.53	194.5
264046	-8.23	193.2
264273	-7.93	195
264383	-7.725	196.8
264533	-7.52	198.6
264792	-7.86	200.4
264834	-7.855	202.2
265055	-7.85	202.775
265321	-8.13	203.35
265595	-8.57	203.925
265703	-8.306666667	204.5
265707	-8.043333333	205.8
265865	-7.78	207.1
266123	-7.18	208.4
266380	-7.61	209.7
266492	-7.68	211
266643	-7.75	211.88
266905	-7.54	212.76
267167	-7.66	213.64
267431	-7.65	214.52
267434	-7.465	215.4
267692	-7.28	216.5857143
267946	-6.86	217.7714286
268050	-6.725	218.9571429
268194	-6.59	220.1428571
268435	-5.96	221.3285714
268677	-6.61	222.5142857
268679	-6.69	223.7
268926	-6.77	224.4
269178	-6.84	225.1
269429	-6.65	225.8
269532	-6.62	226.5
269678	-6.59	227.2
269926	-6.47	227.9
270169	-5.95	228.6
270409	-6	229.3
270507	-5.9	230
270648	-5.8	230.7
270680	-5.62	231.4
270883	-5.44	230.975
271114	-5.3	230.55
271347	-5.65	230.125
271584	-5.74	229.7
271822	-5.65	229.275
271920	-5.225	228.85
272053	-4.8	228.425
272275	-4.7	228
272276	-4.6	227.68
272500	-4.9	227.36
272724	-4.65	227.04
272946	-4.43	226.72
273012	-4.403333333	226.4
273037	-4.376666667	227.2333333
273166	-4.35	228.0666667
273385	-4.33	228.9
273605	-4.33	229.7333333
273827	-4.55	230.5666667
273910	-4.4	231.4
273918	-4.25	231.15
274048	-4.1	230.9
274263	-3.84	230.65
274445	-3.82	230.4
274477	-3.8	230.5
274692	-3.95	230.6
274909	-3.95	230.7
275127	-4.13	230.8
275216	-3.996666667	230.9
275218	-3.863333333	231
275344	-3.73	231.325
275559	-3.71	231.65
275772	-3.53	231.975
275983	-3.38	232.3
276195	-3.48	232.625
276409	-3.62	232.95
276622	-3.35	233.275
276830	-2.88	233.6
277036	-3.01	233.925
277120	-3.17	234.25
277246	-3.33	234.575
277298	-3.47	234.9
277460	-3.61	231.275
277680	-3.95	227.65
277903	-4	224.025
277925	-4.22	220.4
278130	-4.44	219.76
278361	-4.46	219.12
278456	-4.45	218.48
278593	-4.44	217.84
278602	-4.435	217.2
278825	-4.43	215.3
279057	-4.44	213.4
279292	-4.67	211.5
279533	-5.1	209.6
279543	-5.23	207.7
279632	-5.36	207.36
279781	-5.49	207.02
280038	-6.17	206.68
280303	-6.18	206.34
280361	-5.935	206
280564	-5.69	206.14
280817	-5.3	206.28
281071	-5.66	206.42
281175	-5.81	206.56
281200	-5.96	206.7
281332	-6.11	207.7
281602	-6.5	208.7
281875	-6.39	209.7
282143	-5.96	210.7
282253	-5.863333333	211.7
282301	-5.766666667	212.7
282405	-5.67	212.7833333
282661	-5.15	212.8666667
282910	-4.85	212.95
283160	-5.22	213.0333333
283417	-5.55	213.1166667
283492	-5.545	213.2
283677	-5.54	213.6875
283941	-5.95	214.175
284218	-6.83	214.6625
284508	-7.27	215.15
284804	-7.3	215.6375
284925	-7.375	216.125
285102	-7.45	216.6125
285301	-7.22	217.1
285398	-6.99	218.925
285686	-6.57	220.75
285968	-6.4	222.575
286217	-6.335	224.4
286248	-6.27	225.5
286525	-6.1	226.6
286639	-6.125	227.7
286802	-6.15	228.8
287079	-5.96	229.9
287102	-5.79	231
287351	-5.62	232.3
287617	-5.28	233.6
287726	-5.216666667	234.9
287846	-5.153333333	236.2
287879	-5.09	236.9
288145	-5.68	237.6
288418	-5.8	238.3
288492	-5.98	239
288530	-6.16	238.4
288698	-6.34	237.8
288986	-6.5	237.2
289271	-6.06	236.6
289433	-5.865	236
289549	-5.67	236.7
289823	-5.56	237.4
290100	-6	238.1
290214	-6	238.8
290382	-6	239.5
290571	-5.695	240.2
290660	-5.39	240.2833333
290929	-5.15	240.3666667
291193	-4.65	240.45
291455	-4.93	240.5333333
291721	-5.07	240.6166667
291769	-4.92	240.7
291830	-4.77	243.075
291986	-4.62	245.45
292242	-4.13	247.825
292474	-3.825	250.2
292490	-3.52	249.8
292732	-3.46	249.4
292976	-3.67	249
293002	-4.033333333	248.6
293076	-4.396666667	247.675
293232	-4.76	246.75
293502	-5.22	245.825
293676	-5.28	244.9
293779	-5.34	241.1
293893	-5.47	237.3
294060	-5.6	233.5
294348	-6.06	229.7
294615	-5.81	225.9
294637	-5.56	226.1857143
294919	-5.34	226.4714286
295035	-5.235	226.7571429
295198	-5.13	227.0428571
295474	-4.96	227.3285714
295749	-4.94	227.6142857
295849	-4.816666667	227.9
295862	-4.693333333	227.475
296020	-4.57	227.05
296289	-4.53	226.625
296380	-4.785	226.2
296562	-5.04	227.95
296840	-4.92	229.7
297116	-4.81	231.45
297131	-4.855	233.2
297393	-4.9	234.375
297669	-4.7	235.55
297943	-4.57	236.725
298051	-4.525	237.9
298215	-4.48	238.0833333
298327	-4.34	238.2666667
298485	-4.2	238.45
298749	-3.81	238.6333333
299012	-4.04	238.8166667
299020	-3.865	239
299275	-3.69	239.58
299383	-3.57	240.16
299533	-3.45	240.74
299788	-3.19	241.32
299877	-3.135	241.9
300039	-3.08	243.86
300293	-3.26	245.82
300397	-3.195	247.78
300547	-3.13	249.74
300646	-3.05	251.7
300799	-2.97	252.72
301052	-3.17	253.74
301156	-3.045	254.76
301305	-2.92	255.78
301496	-3.12	256.8
301560	-3.32	256.8666667
301813	-2.52	256.9333333
301917	-2.64	257
302061	-2.76	257.0666667
302320	-3.64	257.1333333
302456	-3.415	257.2
302583	-3.19	255.7285714
302691	-2.735	254.2571429
302834	-2.28	252.7857143
302937	-2.16	251.3142857
303077	-2.04	249.8428571
303316	-1.74	248.3714286
303334	-2.04	246.9
303558	-2.34	253.35
303657	-2.61	259.8
303810	-2.88	266.25
303953	-2.955	272.7
304068	-3.03	265.7
304333	-3.46	258.7
304590	-3.67	251.7
304606	-3.88	250.4
304886	-4.13	249.1
305171	-4.32	247.8
305288	-4.445	246.5
305304	-4.57	245.2
305306	-4.695	244.7
305463	-4.82	246.1
305764	-5.14	247.5
306073	-5.42	248.9
306200	-5.48	250.3
306386	-5.54	251.7
306698	-5.14	253.1
307005	-5.09	254.5
307131	-4.905	255.9
307309	-4.72	254.56
307608	-4.58	253.22
307908	-4.69	251.88
308031	-4.596666667	250.54
308101	-4.503333333	249.2
308206	-4.41	250
308500	-4.09	250.8
308789	-3.95	251.6
308907	-3.905	252.4
309077	-3.86	253.2
309365	-3.83	254
309483	-3.76	254.8
309651	-3.69	255.6
309934	-3.39	256.4
310035	-3.366666667	257.2
310039	-3.343333333	256.3
310215	-3.32	257.12
310330	-3.19	257.94
310493	-3.06	258.76
310766	-2.78	259.58
310930	-2.66	260.4
311035	-2.54	260.38
311302	-2.39	260.36
311411	-2.36	260.34
311568	-2.33	260.32
311774	-2.275	260.3
311832	-2.22	260.35
312099	-2.45	260.4
312208	-2.4	260.45
312367	-2.35	260.5
312634	-2.29	260.55
312669	-2.105	260.6
312899	-1.92	262.025
313159	-1.79	263.45
313418	-1.61	264.875
313493	-1.475	266.3
313674	-1.34	265.725
313928	-1.38	265.15
314183	-1.36	264.575
314374	-1.34	264
314438	-1.32	264.44
314543	-1.21	264.88
314692	-1.1	265.32
314943	-0.99	265.76
315143	-0.98	266.2
315194	-0.97	266.8666667
315297	-0.805	267.5333333
315443	-0.64	268.2
315689	-0.48	268.8666667
315934	-0.46	269.5333333
315940	-0.485	270.2
316179	-0.51	270.54
316424	-0.18	270.88
316524	-0.18	271.22
316666	-0.18	271.56
316681	-0.23	271.9
316765	-0.28	272.45
316910	-0.33	273
317155	-0.2	273.55
317255	-0.295	274.1
317401	-0.39	274.65
317445	-0.405	275.2
317649	-0.42	273.925
317897	-0.14	272.65
317999	-0.085	271.375
318141	-0.03	270.1
318385	0.02	268.825
318628	0.2	267.55
318872	0.01	266.275
318980	0.015	265
319118	0.02	266.36
319364	0.16	267.72
319608	0.24	269.08
319708	0.21	270.44
319754	0.18	271.8
319853	0.15	272.025
320102	-0.12	272.25
320354	-0.18	272.475
320378	-0.135	272.7
320607	-0.09	272.8
320856	0.38	272.9
321095	1.14	273
321329	1.26	273.1
321386	1.46	273.2
321559	1.66	275.04
321783	2.18	276.88
321875	2.415	278.72
322000	2.65	280.56
322111	2.75	282.4
322214	2.85	284.1
322426	2.82	285.8
322513	2.943333333	287.5
322582	3.066666667	289.2
322638	3.19	288.8
322827	3.185	288.4
322847	3.18	290.46
323057	3.08	292.52
323269	3.08	294.58
323482	3.14	296.64
323485	3.065	298.7
323695	2.99	293.575
323911	2.84	288.45
324129	2.86	283.325
324189	2.79	278.2
324218	2.72	279.72
324349	2.65	281.24
324574	2.34	282.76
324804	2	284.28
324991	1.87	285.8
325039	1.74	283.4333333
325278	1.59	281.0666667
325527	1.135	278.7
325527	0.68	277.06
325629	0.365	275.42
325789	0.05	273.78
326061	-0.25	272.14
326239	-0.605	270.5
326342	-0.96	267.54
326639	-1.73	264.58
326761	-2.06	261.62
326952	-2.39	258.66
327114	-2.4	255.7
327273	-2.41	252.94
327597	-2.55	250.18
327730	-2.595	247.42
327924	-2.64	244.66
328097	-2.835	241.9
328258	-3.03	241.35
328602	-3.41	240.8
328955	-3.68	240.25
329267	-3.945	239.7
329318	-4.21	238.6
329694	-4.56	237.5
329848	-4.73	236.4
330081	-4.9	235.3
330208	-5.005	234.2
330476	-5.11	236.4857143
330883	-5.67	238.7714286
331050	-5.715	241.0571429
331300	-5.76	243.3428571
331725	-6.06	245.6285714
332164	-6.63	247.9142857
332293	-6.965	250.2
332624	-7.3	237.825
333106	-7.86	225.45
333602	-8.04	213.075
333627	-7.99	200.7
334101	-7.94	201.45
334306	-7.935	202.2
334600	-7.93	202.95
334805	-7.9	203.7
335100	-7.87	204.45
335290	-7.725	205.2
335595	-7.58	205.14
336081	-7.28	205.08
336567	-7.43	205.02
336766	-7.386666667	204.96
336972	-7.343333333	204.9
337055	-7.3	206.3
337544	-7.42	207.7
338033	-7.16	209.1
338233	-7.206666667	210.5
338282	-7.253333333	211.9
338521	-7.3	213.3166667
339015	-7.4	214.7333333
339505	-6.98	216.15
339706	-7.055	217.5666667
339993	-7.13	218.9833333
340165	-7.285	220.4
340490	-7.44	220.4888889
340984	-6.88	220.5777778
341187	-6.595	220.6666667
341462	-6.31	220.7555556
341930	-6.26	220.8444444
342401	-6.32	220.9333333
342594	-6.455	221.0222222
342879	-6.59	221.1111111
342998	-6.615	221.2
343364	-6.64	219.95
343853	-6.76	218.7
344348	-6.84	217.45
344735	-6.635	216.2
344839	-6.43	214.525
345327	-6.58	212.85
345821	-6.65	211.175
346105	-6.705	209.5
346319	-6.76	209.44
346523	-6.8	209.38
346823	-6.84	209.32
347330	-6.83	209.26
347610	-6.875	209.2
347841	-6.92	207.175
348357	-7.05	205.15
348877	-7.02	203.125
349404	-7.32	201.1
349620	-7.465	199.075
349945	-7.61	197.05
350493	-7.64	195.025
350765	-7.64	193
351044	-7.64	191.3
351596	-7.57	189.6
352150	-7.64	187.9
352412	-7.705	186.2
352710	-7.77	186.1
353273	-7.71	186
353838	-7.71	185.9
354372	-7.585	185.8
354400	-7.46	188
354958	-7.41	190.2
355187	-7.27	192.4
355512	-7.13	194.6
356060	-6.94	196.8
356612	-7.24	199
356838	-7.125	201.2
357167	-7.01	201.9428571
357712	-6.58	202.6857143
358247	-6.39	203.4285714
358466	-6.515	204.1714286
358786	-6.64	204.9142857
359327	-6.41	205.6571429
359688	-6.105	206.4
359855	-5.8	205.8375
360071	-5.845	205.275
360376	-5.89	204.7125
360904	-6.05	204.15
361440	-6.24	203.5875
361973	-5.79	203.025
362503	-5.9	202.4625
362766	-6.05	201.9
363042	-6.2	201.52
363580	-5.72	201.14
364114	-5.84	200.76
364333	-5.963333333	200.38
364499	-6.086666667	200
364659	-6.21	202.94
365208	-5.88	205.88
365743	-5.4	208.82
365962	-5.31	211.76
366221	-5.22	214.7
366267	-5.13	216.35
366784	-4.84	218
367297	-4.86	219.65
367507	-4.915	221.3
367816	-4.97	222.95
368117	-4.715	224.6
368329	-4.46	225.62
368829	-4.03	226.64
369034	-4.285	227.66
369331	-4.54	228.68
369563	-4.885	229.7
369858	-5.23	229.4
370403	-5.42	229.1
370960	-5.74	228.8
371188	-6.205	228.5
371545	-6.67	228.2
372149	-6.58	227.9
372746	-6.15	227.6
372991	-6.066666667	227.3
373014	-5.983333333	227
373331	-5.9	230.25
373909	-5.66	233.5
374478	-5.33	236.75
374561	-5.306666667	240
374711	-5.283333333	239.8714286
375042	-5.26	239.7428571
375604	-5.08	239.6142857
376155	-4.55	239.4857143
376381	-4.31	239.3571429
376690	-4.07	239.2285714
376758	-3.67	239.1
377204	-3.27	241.7
377702	-2.99	244.3
378194	-3.355	246.9
378210	-3.72	246.7
378743	-4.29	246.5
379297	-4.63	246.3
379524	-4.713333333	246.1
379633	-4.796666667	245.9
379864	-4.88	247.12
380435	-4.68	248.34
380997	-4.32	249.56
381227	-4.185	250.78
381551	-4.05	252
382095	-3.72	253.22
382318	-3.32	254.44
382622	-2.92	255.66
383134	-2.72	256.88
383504	-2.61	258.1
383641	-2.5	259.75
384159	-3.24	261.4
384710	-4.1	263.05
384909	-4.32	264.7
385288	-4.54	263.35
385894	-5.36	262
386528	-5.65	260.65
386579	-5.555	259.3
387167	-5.46	258.7875
387804	-5.4	258.275
388065	-5.21	257.7625
388435	-5.02	257.25
389061	-5.07	256.7375
389700	-5.44	256.225
390349	-5.34	255.7125
390589	-5.35	255.2
390999	-5.36	254.2
391658	-5.6	253.2
391928	-5.385	252.2
392317	-5.17	251.2
392451	-5.24	250.2
392972	-5.31	253.42
393636	-5.4	256.64
393908	-5.21	259.86
394297	-5.02	263.08
394628	-4.625	266.3
394935	-4.23	267.7
395543	-3.43	269.1
395792	-3.115	270.5
396126	-2.8	271.9
396694	-2.54	273.3
396713	-2.37	274.7
397253	-2.2	275.18
397482	-2.165	275.66
397808	-2.13	276.14
398361	-1.92	276.62
398554	-1.8	277.1
398909	-1.68	277.25
399134	-1.665	277.4
399455	-1.65	277.55
400003	-1.64	277.7
400228	-1.62	277.85
400390	-1.6	278
400553	-1.58	278.1307692
401097	-1.17	278.2615385
401636	-1.09	278.3923077
402179	-1.26	278.5230769
402728	-1.23	278.6538462
403276	-1.01	278.7846154
403501	-0.795	278.9153846
403815	-0.58	279.0461538
404346	-0.37	279.1769231
404874	-0.28	279.3076923
405401	-0.1	279.4384615
405617	-0.006666667	279.5692308
405844	0.086666667	279.7
405923	0.18	279.8875
406441	0.31	280.075
406957	0.49	280.2625
407469	0.71	280.45
407977	0.85	280.6375
408485	0.94	280.825
408992	1.12	281.0125
409022	1.173333333	281.2
409022	1.226666667	283.7
409496	1.28	282.4666667
409995	1.64	281.2333333
410200	1.885	280
410483	2.13	278.7666667
410683	1.843333333	277.5333333
410831	1.556666667	276.3
410979	1.27	277.6142857
411492	1.34	278.9285714
412009	1.23	280.2428571
412533	1.15	281.5571429
413062	1.08	282.8714286
413601	0.8	284.1857143
414085	0.825	285.5
414147	0.85	285.85
414692	1.07	286.2
415235	1.16	286.55
415434	1.145	286.9
415781	1.13	285.04
416327	1.32	283.18
416872	1.36	281.32
417095	1.383333333	279.46
417160	1.406666667	277.6